// before correction
1.000000e-01 7.488845e-03 9.984224e-01 6 1.429483e-02
1.000000e-02 1.258216e-03 1.677979e-01 8 4.033012e-04
1.000000e-03 5.162918e-04 6.885826e-02 9 6.788710e-05
1.000000e-04 2.119199e-04 2.826484e-02 10 1.143532e-05
1.000000e-05 8.700094e-05 1.160393e-02 11 1.927035e-06
1.000000e-06 1.466684e-05 1.956238e-03 13 5.475800e-08
1.000000e-07 6.022376e-06 8.032553e-04 14 9.232053e-09
1.000000e-08 2.472901e-06 3.298319e-04 15 1.556629e-09
1.000000e-09 4.169607e-07 5.561362e-05 17 4.433787e-11
1.000000e-10 1.712151e-07 2.283642e-05 18 7.560175e-12
1.000000e-11 7.030553e-08 9.377250e-06 19 1.335820e-12
1.000000e-12 1.185457e-08 1.581145e-06 21 1.136868e-13
1.000000e-13 4.867816e-09 6.492622e-07 22 8.526513e-14
1.000000e-14 1.998861e-09 2.666052e-07 23 8.526513e-14
1.000000e-15 1.998861e-09 2.666052e-07 23 8.526513e-14
// after correction
1.000000e-01 1.022564e-06 2.515640e-02 6 2.515617e-02
1.000000e-02 4.849060e-09 7.927873e-04 8 7.927871e-04
1.000000e-03 3.349657e-10 1.360212e-04 9 1.360212e-04
1.000000e-04 4.595190e-16 4.562286e-05 10 4.562286e-05
1.000000e-05 4.585607e-16 7.709814e-06 11 7.709814e-06
1.000000e-06 4.607149e-16 2.190378e-07 13 2.190379e-07
1.000000e-07 4.600612e-16 3.692551e-08 14 3.692557e-08
1.000000e-08 5.658025e-16 6.226253e-09 15 6.226315e-09
1.000000e-09 4.606311e-16 1.770209e-10 17 1.770957e-10
1.000000e-10 4.610620e-16 2.989699e-11 18 2.998490e-11
1.000000e-11 4.591479e-16 5.006559e-12 19 5.087486e-12
1.000000e-12 4.580765e-16 1.138297e-13 21 1.989520e-13
1.000000e-13 4.584027e-16 1.216505e-15 22 8.526513e-14
1.000000e-14 4.584027e-16 1.216505e-15 23 8.526513e-14
1.000000e-15 4.584027e-16 1.216505e-15 23 8.526513e-14
