1.000000e-01 4.258974e-01 1.144867e-01 16
1.000000e-02 4.926210e-02 1.324423e-02 28
1.000000e-03 4.760595e-03 1.279897e-03 41
1.000000e-04 4.600548e-04 1.236868e-04 54
1.000000e-05 4.445882e-05 1.195285e-05 67
1.000000e-06 4.296416e-06 1.155101e-06 80
1.000000e-07 4.969585e-07 1.336084e-07 92
1.000000e-08 4.802512e-08 1.291167e-08 105
1.000000e-09 4.641053e-09 1.247768e-09 118
1.000000e-10 4.484999e-10 1.205902e-10 131
1.000000e-11 4.333778e-11 1.166267e-11 144
1.000000e-12 5.009326e-12 1.357581e-12 156
1.000000e-13 4.822809e-13 1.403322e-13 169
1.000000e-14 5.861978e-14 2.753353e-14 182
1.000000e-15 2.486900e-14 2.220446e-14 195
