1.000000e-01 1.790408e-02 3.786182e-02 7
1.000000e-02 3.652337e-03 7.427990e-03 8
1.000000e-03 1.904574e-04 4.037436e-04 12
1.000000e-04 2.289902e-05 4.946966e-05 15
1.000000e-05 5.523946e-06 1.105549e-05 16
1.000000e-06 2.426483e-07 5.560394e-07 17
1.000000e-07 3.731560e-08 7.481602e-08 21
1.000000e-08 6.483148e-09 1.301442e-08 23
1.000000e-09 3.307683e-10 6.619238e-10 26
1.000000e-10 3.012524e-11 6.101430e-11 30
1.000000e-11 6.140866e-12 1.235279e-11 35
1.000000e-12 3.392842e-13 6.732392e-13 31
1.000000e-13 4.352074e-14 3.552714e-14 38
1.000000e-14 2.309264e-14 8.881784e-15 40
1.000000e-15 1.865175e-14 3.552714e-15 45
1.000000e-01 4.253816e-02 8.868218e-02 6
1.000000e-02 3.652337e-03 7.427990e-03 8
1.000000e-03 4.608402e-04 9.779078e-04 11
1.000000e-04 5.212036e-05 1.124608e-04 14
1.000000e-05 5.523946e-06 1.105549e-05 16
1.000000e-06 2.426483e-07 5.560394e-07 17
1.000000e-07 3.731560e-08 7.481602e-08 21
1.000000e-08 6.483148e-09 1.301442e-08 23
1.000000e-09 3.307683e-10 6.619238e-10 26
1.000000e-10 7.148770e-11 1.448193e-10 29
1.000000e-11 6.140866e-12 1.235279e-11 35
1.000000e-12 3.392842e-13 6.732392e-13 31
1.000000e-13 6.750156e-14 8.526513e-14 37
1.000000e-14 2.309264e-14 1.598721e-14 39
1.000000e-15 1.865175e-14 3.552714e-15 44
1.000000e-01 1.790408e-02 3.786182e-02 7
1.000000e-02 3.652337e-03 7.427990e-03 8
1.000000e-03 1.904574e-04 4.037436e-04 12
1.000000e-04 2.289902e-05 4.946966e-05 15
1.000000e-05 5.523946e-06 1.105549e-05 16
1.000000e-06 2.426483e-07 5.560394e-07 17
1.000000e-07 3.731560e-08 7.481602e-08 21
1.000000e-08 6.483148e-09 1.301442e-08 23
1.000000e-09 3.307683e-10 6.619238e-10 26
1.000000e-10 3.012524e-11 6.101430e-11 30
1.000000e-11 6.140866e-12 1.235279e-11 35
1.000000e-12 3.392842e-13 6.732392e-13 31
1.000000e-13 4.352074e-14 3.552714e-14 38
1.000000e-14 2.309264e-14 8.881784e-15 40
1.000000e-15 1.865175e-14 3.552714e-15 45
