1.000000e-01 2.574421e-02 2.313583e-02 4
1.000000e-02 1.553780e-03 1.432509e-03 5
1.000000e-03 1.988066e-04 1.874950e-04 7
1.000000e-04 3.177222e-05 2.983574e-05 9
1.000000e-05 2.211168e-06 2.025945e-06 10
1.000000e-06 1.157616e-07 1.070456e-07 12
1.000000e-07 9.356013e-09 8.591670e-09 14
1.000000e-08 1.996011e-09 1.806997e-09 16
1.000000e-09 1.864935e-10 1.675762e-10 17
1.000000e-10 1.958078e-11 1.815970e-11 18
1.000000e-11 1.163514e-12 1.092459e-12 21
1.000000e-12 1.612044e-13 1.438849e-13 22
1.000000e-13 3.108624e-14 1.598721e-14 24
1.000000e-14 1.554312e-14 5.329071e-15 27
1.000000e-15 2.131628e-14 1.776357e-15 29
