0.482023646405464	0.0519004887089407	0.043346746135415	0.0506088318807728	0.0181463728232366	0.0456305800320707	0.0507164132434955	0.00246617565146234	0.00367752342244531	0.0160112078564807	0.046622359338685	0.0193819944037016	0.0505595155033087	0.0468065176184444	0.0361489197870043
0.0289946276990022	0.521951412030852	0.0207215957397951	0.017052244142127	0.0234820847742142	0.0183730565113737	0.0338880340114037	0.0178128091635997	0.0480080169282532	0.00721748454812425	0.031087764633579	0.0308618615039178	0.0514017721845342	0.0396753561778951	0.0434100643052356
0.0401909233179619	0.0252672021520762	0.518737138847251	0.0435887359245456	0.0125336648445117	0.0233833875259425	0.0120307063856205	0.0382904185574345	0.0416412929426605	0.0247428315418792	0.0459931077186304	0.0453966565046344	0.0449593642081651	0.0459134834854062	0.0317174583383577
0.0162294355823869	0.0465358067421821	0.0434543661390947	0.518177845041913	0.0372019453831641	0.0501299924335341	0.020992602129922	0.0413452603184043	0.0148770764598446	0.0188578203020831	0.0490999148292681	0.0485676778510622	0.0202326185385204	0.0148252239380197	0.0299020901765224
0.00931199616273276	0.00715619410109088	0.0167767816960291	0.0496432327366486	0.524270779264226	0.00220064518818363	0.00634841243730323	0.0283500466243593	0.0282853939527039	0.0410035063161495	0.0285712770455417	0.0347784698347204	0.0236590429071967	0.035026209417322	0.0169631321241784
0.0176349885601704	0.0202909484809586	0.0287327456671213	0.00166085197045082	0.0146461183617863	0.530346335153384	0.0139661786134382	0.0357024345542898	0.0512353643493543	0.0405967763846637	0.0378960853687566	0.0107580450902881	0.0128344978044849	0.0345607678730258	0.0237465932307481
0.0109333347781369	0.0482479494180146	0.0509415600843898	0.0185669717095265	0.0380346866756407	0.00984394340646074	0.493140896091063	0.04649340129439	0.037234881539052	0.0347809640235015	0.0300072447149742	0.0340181576856708	0.0408115076971954	0.00638974695344292	0.0371369407637331
0.0265419180953428	0.0477348346023586	0.0285791043414891	0.0344761676435693	0.00716744751454539	0.0347085463217	0.0172556858208403	0.482576501093152	0.0436494214456928	0.00694586103421232	0.00134529744155178	0.00374865613134848	0.0459317606226004	0.0211917256205514	0.0460133104617909
0.0471557949840489	0.0371254129635911	0.0171910870634954	0.0146457991231105	0.0435325254336244	0.0305109386264222	0.00792034253323492	0.0157987173578532	0.502267253828218	0.00112149714146455	0.0232318535996303	0.0211609509886197	0.0475380590471194	0.0143224691272717	0.0375042588874999
0.0327212882837303	0.0321704971660908	0.032229505183056	0.0119862360105714	0.00721108932050458	0.035124355495919	0.018105939778534	0.0024032273826904	0.0244853885285536	0.50885289186258	0.0336254217165376	0.0346987252709059	0.029046122762396	0.0372864757508355	0.000968374600094363
0.00528254601584268	0.0178603823619288	0.0187629894176164	0.0369981819738404	0.0306030152259248	0.018783044852443	0.00632957518533385	0.010170151178119	0.0291724706912221	0.0156508366219495	0.506842669348543	0.0485793346479832	0.0311575607630387	0.0147437575142345	0.0351068769226604
0.0203351633719501	0.0486990844452451	0.039359237804438	0.0324949158636595	0.0190501926996259	0.0322714846438561	0.0460002002015728	0.0374683668214676	0.0140001380603503	0.0488750613151379	0.0193704662143316	0.521917461604279	0.00774567127360416	0.0466269120195364	0.0228144816423258
0.00284156143848554	0.00649167109702737	0.0215341870238947	0.0307278429192255	0.0419736155902638	0.0422020856923406	0.00490506115385807	0.0375509588369355	0.0389694964737207	0.0510338829245807	0.0487566964675382	0.0252097952004671	0.526535594788887	0.0430047650636343	0.0227786532177999
0.0260804553723599	0.0380104695663638	0.0256154442621223	0.0343608817554994	0.0262104132313823	0.00100191681594409	0.0483876118750629	0.0456696186885301	0.0262159795242942	0.0149121186150121	0.0431584505279177	0.0393717070367831	0.0234328148253339	0.500017897955935	0.00608912346230888
0.0224613376200707	0.0336345512315202	0.0361456961921595	0.00247414682852069	0.0254723290288136	0.00436372202618574	0.0207599784891679	0.0303024829644398	0.0336518365005585	0.0416646113502238	0.0441757246935998	0.021697901961173	0.0107006006577053	0.0259046042498558	0.522111610095283
-2.2056586236671
-1.84199233982411
-1.7920197911451
-1.04460374960237
-0.35029604871171
-0.0900165132523488
0.0188089803404585
0.904688105253988
1.18344117465099
1.5715400810219
1.76440496254469
1.64631195549317
1.63353037378463
2.68094699092496
2.90606159735627
