829420.736682014
2.43815076696555	0.0902202375681674	0.0406499107483794	0.0390378293233655	0.0208271463659502	0.121035151809099	0.121423713040453	0.088694632452129	0.163469410178274	0.116632504619632	0.121508461457114	0.120380611908476	0.0979479437952187	0.0138913160739094	0.00610867410024899
0.0902202375681674	2.08991821164225	0.0082853854483662	0.0079062990483058	0.00418649298782094	0.0241109106594793	0.0239231776598129	0.0172358532372707	0.0312096120766848	0.0217486999296928	0.0219227181747978	0.020670772711432	0.0154853229334644	0.00185881339041029	0.000477798409662835
0.0406499107483794	0.0082853854483662	2.14654633631122	0.00349401666540157	0.00183351133300944	0.010443837507908	0.0102208131890352	0.00723462122846086	0.0127947912864102	0.0086268513808624	0.00827609947324559	0.00718476869215141	0.00455558130368316	0.000319642612987607	-0.000188052821307659
0.0390378293233655	0.0079062990483058	0.00349401666540157	2.21756515670858	0.00170204837297014	0.00956243506323114	0.00919412214738346	0.00635627153155665	0.0108766218263138	0.00697951789518198	0.00616486525873934	0.00452979068055096	0.00167886002958429	-0.000269613499526731	-0.000629650928984024
0.0208271463659502	0.00418649298782094	0.00183351133300944	0.00170204837297014	2.28658557802202	0.00480924504198815	0.00451627626779801	0.0030209730603303	0.00491983712941007	0.00290674477448149	0.00217306401562326	0.000933323948805938	-0.000791726240310406	-0.000504713843414245	-0.000616982933765124
0.121035151809099	0.0241109106594794	0.010443837507908	0.00956243506323113	0.00480924504198815	2.38306982661758	0.0235575179485293	0.0149971304338755	0.0224872744390113	0.0112450256602914	0.00491395771765353	-0.00483056108638215	-0.0162660926439423	-0.00542779127727105	-0.00552847475087638
0.121423713040453	0.0239231776598129	0.0102208131890352	0.00919412214738346	0.004516276267798	0.0235575179485293	2.44894276828132	0.0119405135901185	0.0151537149870698	0.00442943252157558	-0.00443022035433873	-0.0172875928274008	-0.0304712245504545	-0.00847196322908508	-0.0079035347451924
0.088694632452129	0.0172358532372707	0.00723462122846086	0.00635627153155665	0.0030209730603303	0.0149971304338755	0.0119405135901185	2.5059237112314	0.0043943569509484	-0.00293988661135043	-0.0116721497907872	-0.0238412910085865	-0.0350138130498809	-0.00891638219806767	-0.00789781246529953
0.163469410178274	0.0312096120766848	0.0127947912864102	0.0108766218263138	0.00491983712941006	0.0224872744390113	0.0151537149870697	0.00439435695094835	2.56396746805414	-0.0198144188853353	-0.0411785766768174	-0.0700816801406121	-0.0942690776502109	-0.022792888274795	-0.0195090598404205
0.116632504619632	0.0217486999296929	0.00862685138086241	0.006979517895182	0.00290674477448149	0.0112450256602914	0.00442943252157562	-0.00293988661135039	-0.0198144188853354	2.61531299492973	-0.0476950810082272	-0.0743467310076252	-0.0949527323870844	-0.0221848455022898	-0.0185319886346682
0.121508461457114	0.0219227181747978	0.00827609947324558	0.00616486525873932	0.00217306401562325	0.00491395771765353	-0.00443022035433873	-0.0116721497907872	-0.0411785766768175	-0.0476950810082272	2.63864198139151	-0.111954634259656	-0.13816769189509	-0.0315053335668269	-0.0258434530003125
0.120380611908476	0.020670772711432	0.0071847686921514	0.00452979068055096	0.00093332394880593	-0.00483056108638218	-0.0172875928274008	-0.0238412910085865	-0.0700816801406121	-0.0743467310076252	-0.111954634259656	2.62560001679235	-0.192851535621358	-0.0431818776239893	-0.0349253342556481
0.0979479437952187	0.0154853229334644	0.00455558130368313	0.00167886002958431	-0.000791726240310401	-0.0162660926439423	-0.0304712245504545	-0.0350138130498809	-0.094269077650211	-0.0949527323870844	-0.13816769189509	-0.192851535621358	2.62904720472437	-0.0503579473365838	-0.0402730919035273
0.0138913160739094	0.00185881339041029	0.000319642612987608	-0.000269613499526729	-0.000504713843414248	-0.00542779127727105	-0.00847196322908508	-0.00891638219806766	-0.022792888274795	-0.0221848455022898	-0.0315053335668269	-0.0431818776239892	-0.0503579473365837	2.91757815752369	-0.00871119055175202
0.00610867410024903	0.000477798409662838	-0.000188052821307659	-0.000629650928984025	-0.000616982933765125	-0.00552847475087639	-0.00790353474519242	-0.00789781246529953	-0.0195090598404205	-0.0185319886346682	-0.0258434530003126	-0.0349253342556481	-0.0402730919035273	-0.00871119055175202	2.99314982080427
5.82249164527227
5.4073933712441
8.69941032358007
2.6477902647563
3.18074075481059
1.19214541054191
9.39829470344921
6.45551874972524
4.79463224948888
6.39316961040108
5.44716110526763
6.47311480293128
5.43885933999639
7.21046620579811
5.22495305777102
20.7005922443117
12.9395164421585
19.3596565239048
6.47991957024748
7.55395918335437
4.14447135424006
23.7818536904249
16.49451193034
12.1835653777208
16.0463788944153
12.8425113090932
14.5999266139898
10.8292751210199
19.9631847468175
14.6793805990989
2.23851836564129	0.0696012853295889	0.113878885841969	0.156915322668724	0.0714412195013468	0.124887816316177	0.0553925129700768	0.0759070789287	0.0575925511625498	0.0232361012188421	0.000455493765000705	-0.00198580420625279	-0.0149654004709671	-0.0174427222561382	-0.0184848405849345
0.0696012853295888	2.091527006329	0.0324591371724087	0.0439898065161008	0.0195941305520251	0.0332328877941832	0.0140989412425399	0.0179789110753711	0.01189479195026	0.00330947150014579	-3.77892997589583e-05	-0.00375284822998775	-0.00880668420169784	-0.00815348636317403	-0.00779947476037647
0.113878885841969	0.0324591371724087	2.19441616105943	0.0683612758935077	0.0295430259953727	0.0479274677676143	0.0189211956239477	0.0210394744786239	0.00959915945831298	-0.00155570061497416	-0.000404645196719043	-0.0125131327416843	-0.0233250442849275	-0.0194927883206771	-0.0175919347330798
0.156915322668724	0.0439898065161008	0.0683612758935076	2.3022257326576	0.0363512033544784	0.0548774562237566	0.0188915456603864	0.0144863394198609	-0.0038498871283843	-0.0142127782913566	-0.0011511365746344	-0.0282763610464228	-0.0475773783409664	-0.0375119488642386	-0.0326043863169031
0.0714412195013468	0.0195941305520251	0.0295430259953727	0.0363512033544784	2.29969716810781	0.0184069279780031	0.00436978113758543	-0.0019518294751778	-0.0118159699987589	-0.013583130378296	-0.000873881899602228	-0.0193762608894402	-0.0307584603851738	-0.0233561081454506	-0.0197732604844913
0.124887816316178	0.0332328877941832	0.0479274677676143	0.0548774562237566	0.0184069279780031	2.37385263873725	-0.0023106819307088	-0.0235104272653521	-0.0443187532489343	-0.0404690516812169	-0.00235015478283607	-0.0491622019025113	-0.075161027733173	-0.0555904259665652	-0.0461562352261544
0.0553925129700768	0.0140989412425399	0.0189211956239477	0.0188915456603864	0.0043697811375854	-0.00231068193070878	2.42129283063267	-0.0230604399718656	-0.0345302406498734	-0.0284613608719596	-0.00155936122572356	-0.0314158167574496	-0.0467822544223678	-0.0339344648299197	-0.0277569727504863
0.0759070789286999	0.0179789110753712	0.0210394744786238	0.014486339419861	-0.00195182947517777	-0.0235104272653521	-0.0230604399718655	2.44196467094629	-0.0784413448827048	-0.0609984386255032	-0.00321867073883146	-0.0631610852268981	-0.0922433232250748	-0.0659167091303338	-0.0532807953489621
0.0575925511625499	0.0118947919502601	0.00959915945831301	-0.00384988712838427	-0.0118159699987589	-0.0443187532489343	-0.0345302406498734	-0.0784413448827049	2.47140203255425	-0.0749127419148468	-0.00385021457763145	-0.0740986902501295	-0.106609672060078	-0.0752837547425104	-0.0602679121086177
0.0232361012188422	0.00330947150014581	-0.00155570061497415	-0.0142127782913566	-0.013583130378296	-0.0404690516812169	-0.0284613608719596	-0.0609984386255031	-0.0749127419148469	2.58820998844273	-0.00275454174908555	-0.052224666483667	-0.0742516037506426	-0.0519302239214817	-0.0412412846346833
0.000455493765000707	-3.77892997589575e-05	-0.000404645196719044	-0.0011511365746344	-0.000873881899602227	-0.00235015478283607	-0.00155936122572356	-0.00321867073883145	-0.00385021457763145	-0.00275454174908555	2.71414893136138	-0.00256272666548539	-0.00360862824558465	-0.00250370764520508	-0.00197501472272679
-0.00198580420625273	-0.00375284822998775	-0.0125131327416843	-0.0282763610464227	-0.0193762608894402	-0.0491622019025113	-0.0314158167574496	-0.0631610852268981	-0.0740986902501296	-0.052224666483667	-0.00256272666548539	2.73816079696792	-0.0664277213286232	-0.0457789217011406	-0.0359049658496473
-0.014965400470967	-0.00880668420169783	-0.0233250442849275	-0.0475773783409663	-0.0307584603851737	-0.0751610277331729	-0.0467822544223677	-0.0922433232250748	-0.106609672060078	-0.0742516037506426	-0.00360862824558465	-0.0664277213286231	2.76497254499516	-0.063155255907809	-0.0492879588853838
-0.0174427222561382	-0.00815348636317401	-0.0194927883206771	-0.0375119488642386	-0.0233561081454506	-0.0555904259665652	-0.0339344648299196	-0.0659167091303337	-0.0752837547425103	-0.0519302239214818	-0.00250370764520508	-0.0457789217011406	-0.0631552559078091	2.88551179642638	-0.0334594726155015
-0.0184848405849345	-0.00779947476037649	-0.0175919347330798	-0.0326043863169032	-0.0197732604844913	-0.0461562352261544	-0.0277569727504863	-0.0532807953489621	-0.0602679121086177	-0.0412412846346833	-0.00197501472272679	-0.0359049658496473	-0.0492879588853838	-0.0334594726155015	2.97409933514082
6.96266337082995
0.938200267748656
5.25404403859336
5.30344218392863
8.61139811393332
4.84853333552102
3.93456361215266
6.71431139674026
7.41257943454206
5.20052467390387
3.47712671277525
1.49997253831683
5.86092067231462
2.62145317727807
0.444540922782385
19.4349073143273
3.3799385258516
13.2652213698888
13.9128747282741
20.3201351546656
11.7171993787622
9.16483134117819
15.165610362984
16.4193693891981
11.4737998456554
9.31037771078324
1.56613484897582
12.8091798979681
4.79650873232
-1.03880359737079
2.18678175430842	0.158478801448101	0.0314693467487374	0.146695068208464	0.150672355100841	0.0690583456850593	0.10281921778912	0.0578056519542019	0.0124319963346181	0.0124644429447899	0.0180668401834943	0.0197848511647449	0.00698081574120697	-0.00751585184720599	-0.00875431229855727
0.158478801448101	2.20487117963499	0.0262561788506995	0.121029156391099	0.122578025298434	0.0551750658242664	0.0801866638253116	0.0435750907925562	0.00890258670532489	0.00818476305367307	0.00991986949592659	0.00583975006930327	-0.00724553937231715	-0.0200273926745058	-0.0133552028580166
0.0314693467487374	0.0262561788506996	2.1479657113514	0.0232200021763087	0.0230957737278623	0.0101476134456258	0.0142548728497135	0.00735879738335583	0.00137861390716607	0.00105979794470854	0.000690495158030677	-0.00142939418893856	-0.00455313082451697	-0.00720520053514258	-0.00405380200600967
0.146695068208464	0.121029156391099	0.0232200021763087	2.31793658076019	0.100633912282686	0.0427381681648023	0.0570325352948635	0.0269975325761682	0.00422912383808975	0.00174770664407571	-0.00400413927188236	-0.021280518528977	-0.0388081172766039	-0.0518142125411284	-0.0268116137143805
0.150672355100841	0.122578025298434	0.0230957737278624	0.100633912282686	2.3801542739431	0.0381008630014655	0.0466229216841422	0.0184540375584221	0.00155401585654158	-0.00225827409932492	-0.0132830848711301	-0.0404160838658852	-0.0621849060880568	-0.0763605243283041	-0.037587290766368
0.0690583456850594	0.0551750658242664	0.0101476134456258	0.0427381681648023	0.0381008630014655	2.37123806873695	0.014422043170901	0.0030687140581637	-0.000908706305102788	-0.00339020847871413	-0.0114164466360855	-0.0293073545380858	-0.0414729532013138	-0.0484447758686195	-0.0230662659314028
0.10281921778912	0.0801866638253116	0.0142548728497135	0.0570325352948634	0.0466229216841422	0.014422043170901	2.43650410426784	-0.00593543296400133	-0.00451233338798863	-0.00963798608590298	-0.0273830125144962	-0.0646523749350298	-0.0870303833861579	-0.0983356760730724	-0.0457228668270032
0.0578056519542018	0.0435750907925562	0.00735879738335583	0.0269975325761681	0.0184540375584221	0.0030687140581637	-0.00593543296400143	2.48859837467224	-0.00496246882892999	-0.00894279534273009	-0.0233682296875192	-0.0524840258756668	-0.0683394968138196	-0.0754056675818556	-0.034442721788269
0.0124319963346181	0.0089025867053249	0.00137861390716607	0.00422912383808975	0.00155401585654158	-0.000908706305102789	-0.00451233338798861	-0.00496246882892999	2.5696062742497	-0.00302031537743987	-0.00750763041062543	-0.0163103182454243	-0.0207395377286701	-0.0224803161196087	-0.0101270960343453
0.0124644429447899	0.00818476305367306	0.00105979794470853	0.00174770664407571	-0.00225827409932491	-0.00339020847871413	-0.00963798608590299	-0.00894279534273009	-0.00302031537743988	2.63809520794459	-0.0114496515014457	-0.0242909119315134	-0.0303425157442305	-0.0324372455077271	-0.0144516531416582
0.0180668401834943	0.00991986949592659	0.000690495158030678	-0.00400413927188238	-0.0132830848711301	-0.0114164466360855	-0.0273830125144961	-0.0233682296875192	-0.00750763041062543	-0.0114496515014457	2.68740176408813	-0.056029373083391	-0.0690259781403369	-0.072978679132412	-0.0322206736355491
0.019784851164745	0.00583975006930331	-0.00142939418893855	-0.0212805185289769	-0.0404160838658851	-0.0293073545380858	-0.0646523749350298	-0.0524840258756667	-0.0163103182454242	-0.0242909119315134	-0.056029373083391	2.67054743686903	-0.140318630571823	-0.14701573599321	-0.0644203315484675
0.00698081574120695	-0.00724553937231715	-0.00455313082451695	-0.0388081172766039	-0.0621849060880568	-0.0414729532013138	-0.0870303833861579	-0.0683394968138195	-0.0207395377286701	-0.0303425157442305	-0.0690259781403369	-0.140318630571823	2.68772146464298	-0.176172147254237	-0.0767045453835976
-0.00751585184720603	-0.0200273926745058	-0.00720520053514257	-0.0518142125411285	-0.0763605243283042	-0.0484447758686195	-0.0983356760730725	-0.0754056675818555	-0.0224803161196087	-0.0324372455077271	-0.072978679132412	-0.14701573599321	-0.176172147254237	2.74654645870422	-0.0788198710473129
-0.00875431229855727	-0.0133552028580166	-0.00405380200600967	-0.0268116137143805	-0.037587290766368	-0.0230662659314027	-0.0457228668270032	-0.034442721788269	-0.0101270960343453	-0.0144516531416582	-0.0322206736355491	-0.0644203315484674	-0.0767045453835977	-0.0788198710473128	2.96603134582624
8.2172118496131
4.29921409383266
8.87770954256354
3.91182995461163
7.69114387388296
3.96791517013617
8.08514095887345
7.55077099007084
3.77395544835103
2.16018915961394
7.90407217966913
9.49303911849797
3.27565434075205
6.7126437045174
4.38644982586956
22.5429291319323
13.5954189464508
19.8383530483379
11.8013384662101
19.9685537645788
9.96220683413901
19.5959812866563
18.1281430404216
9.31722609039833
4.96335604890812
19.4354100526825
21.8112412556014
3.23503032107508
12.8279354172847
10.0137605800071
2.1560878616393	0.155182732177744	0.159865600376848	7.66713376546825e-05	0.114143304270944	0.0716745592536473	0.101096960526315	0.0460345803117804	0.0346963239636451	0.0460551629725971	0.00970347272992606	0.0137995613020291	0.0115498338328571	-0.00118535817754801	-0.0143227446009378
0.155182732177744	2.22461483130479	0.156471181081596	7.42717039190739e-05	0.109162780805529	0.0674379705614925	0.0931007909044215	0.0411595754793568	0.0297093872379298	0.036790787890785	0.00680480691586994	0.00688430559976622	-0.00200317050035067	-0.0104982372164969	-0.0290010183233054
0.159865600376848	0.156471181081596	2.30104018304317	7.41280793094898e-05	0.107188763722326	0.064811932988156	0.0868710917032196	0.0367803897750898	0.0247679276175468	0.026925446623434	0.00354279381378743	-0.00124605591427666	-0.0185148376327575	-0.0221839354033077	-0.047883087786683
7.66713376546824e-05	7.42717039190739e-05	7.41280793094898e-05	2.21428574846169	4.83685661387571e-05	2.83949005864149e-05	3.64488801045265e-05	1.43971248872739e-05	8.51092897810285e-06	6.58197845053117e-06	-3.01083348279619e-07	-5.40758048453698e-06	-1.83698490373431e-05	-1.7197723495671e-05	-3.33522568487853e-05
0.114143304270944	0.109162780805529	0.107188763722326	4.83685661387571e-05	2.35217683033111	0.03736608830758	0.0447478328605682	0.015516416979444	0.00652527591568923	-0.00175438816516495	-0.00409808131744506	-0.0168274010336082	-0.0446648963966537	-0.0375701054261899	-0.0686073115999235
0.0716745592536473	0.0674379705614925	0.064811932988156	2.83949005864149e-05	0.0373660883075801	2.37674162828542	0.0206039774092127	0.00508249246493111	-0.000743073033341289	-0.0102019434371015	-0.00544826235538402	-0.017479989858156	-0.0416870506759079	-0.0330180162096973	-0.0580112267629406
0.101096960526315	0.0931007909044214	0.0868710917032197	3.64488801045265e-05	0.0447478328605681	0.0206039774092128	2.44398060870302	-0.001321455459811	-0.00986579049362638	-0.0309673125627183	-0.0129218682684946	-0.0372493913859801	-0.08364748708435	-0.0637434829884666	-0.109022467694038
0.0460345803117803	0.0411595754793568	0.0367803897750898	1.43971248872738e-05	0.015516416979444	0.0050824924649311	-0.00132145545981106	2.4942130446834	-0.00987756068095978	-0.0242252365198987	-0.00908239792556843	-0.0246529060662053	-0.0532641405089071	-0.0395127229806788	-0.0662536932987908
0.0346963239636451	0.0297093872379298	0.0247679276175468	8.51092897810285e-06	0.00652527591568919	-0.000743073033341281	-0.00986579049362642	-0.00987756068095979	2.55825522920223	-0.0290285272024755	-0.010247813782013	-0.0267628219977613	-0.0562882637696563	-0.0409366975591363	-0.0676050637123308
0.0460551629725971	0.036790787890785	0.0269254466234339	6.58197845053112e-06	-0.00175438816516498	-0.0102019434371016	-0.0309673125627183	-0.0242252365198987	-0.0290285272024755	2.58262507785012	-0.0204581830993843	-0.052010003924511	-0.107242208515584	-0.0768164069509508	-0.12533972977968
0.00970347272992603	0.00680480691586993	0.00354279381378742	-3.01083348279615e-07	-0.00409808131744508	-0.00544826235538402	-0.0129218682684946	-0.00908239792556842	-0.010247813782013	-0.0204581830993842	2.70752137295116	-0.0168592501647686	-0.0342381591492405	-0.0242307573883021	-0.0391521884640932
0.013799561302029	0.00688430559976624	-0.00124605591427672	-5.40758048453699e-06	-0.0168274010336083	-0.017479989858156	-0.0372493913859801	-0.0246529060662053	-0.0267628219977613	-0.052010003924511	-0.0168592501647686	2.74432915947067	-0.0830395101005676	-0.0581963369721101	-0.0932760333253817
0.0115498338328571	-0.0020031705003507	-0.0185148376327575	-1.83698490373431e-05	-0.0446648963966538	-0.0416870506759079	-0.0836474870843501	-0.0532641405089071	-0.0562882637696563	-0.107242208515584	-0.0342381591492405	-0.0830395101005676	2.69214452242849	-0.114703269780406	-0.182596609723438
-0.00118535817754798	-0.0104982372164968	-0.0221839354033076	-1.7197723495671e-05	-0.0375701054261899	-0.0330180162096973	-0.0637434829884666	-0.0395127229806788	-0.0409366975591363	-0.0768164069509508	-0.0242307573883021	-0.0581963369721101	-0.114703269780406	2.8493733713978	-0.125345359834283
-0.0143227446009378	-0.0290010183233053	-0.0478830877866829	-3.33522568487853e-05	-0.0686073115999234	-0.0580112267629404	-0.109022467694038	-0.0662536932987907	-0.0676050637123307	-0.12533972977968	-0.0391521884640932	-0.0932760333253817	-0.182596609723438	-0.125345359834283	2.80261053024761
5.34064127370726
0.89950678770581
1.11705744193203
1.36292548938299
6.78652304800188
4.95177019089661
1.8971040601758
4.95005824990221
1.47608221976689
0.549741469061882
8.50712674289007
5.60559527354885
9.29608866756663
6.96667200555228
5.8279096517584
13.6344558240659
4.35964137953685
4.42906175017794
3.01857320259896
15.9401142852543
11.4961205906501
3.54904248023848
11.3985477784643
2.53328312340951
-1.28316070179893
22.1347219357559
13.1361328402131
21.3716435951127
16.643277876342
11.2942884327519
2.00595749296267	0.0380111180857206	0.0188040265189566	0.0283828573158665	0.0059392158427875	0.0127743547642965	0.0112731173453189	0.000405152151908839	0.00456853227924643	0.000797081066377536	-0.000150242612764361	-0.00404668634937617	-0.00259857980229431	-0.00230547876136674	-0.00492437308252308
0.0380111180857206	2.31053367923145	0.116136591098784	0.171044281034801	0.0345734011314728	0.0705563742018143	0.0569422230430005	0.00169713417546284	0.00965066870713665	-0.00784672182185373	-0.00292253582358753	-0.0471716213525197	-0.0257394194785018	-0.0210540813979426	-0.0428261778786548
0.0188040265189566	0.116136591098784	2.19789778847678	0.0783039292961889	0.0150176295874918	0.0280277765601063	0.0187583419527801	0.000281941424535441	-0.00747145477244936	-0.012003750877398	-0.00267918747367733	-0.0367456127858365	-0.0184857008598197	-0.0143998068488979	-0.0283498644732673
0.0283828573158665	0.171044281034801	0.0783039292961889	2.31998398378873	0.0185386804365884	0.0286928518123924	0.00968416538430812	-0.000678315424476284	-0.0355188525574001	-0.0341967845910639	-0.00648563991606184	-0.082010168812672	-0.0392899366347088	-0.0296226137426264	-0.0569728969541636
0.0059392158427875	0.0345734011314728	0.0150176295874918	0.0185386804365885	2.28841076692327	0.00210462621483637	-0.00331030882458723	-0.000458161887617518	-0.0143767505562447	-0.0117616570697193	-0.0020565939581252	-0.0247654728518267	-0.0114836923317938	-0.00845812701703187	-0.0159842860549406
0.0127743547642965	0.0705563742018143	0.0280277765601064	0.0286928518123924	0.00210462621483636	2.34948763836392	-0.0237920626954609	-0.00197331804272998	-0.0526162987521483	-0.0396862946621504	-0.00660851365046102	-0.0770234844598993	-0.0348906204691132	-0.0252508184876218	-0.0470710827305451
0.0112731173453189	0.0569422230430005	0.0187583419527801	0.00968416538430817	-0.00331030882458723	-0.0237920626954608	2.38425945145578	-0.0031229681052158	-0.0767720680348219	-0.0551450701142115	-0.00888773779308337	-0.101195502385187	-0.0450423306981673	-0.032154910851499	-0.0592881162669128
0.000405152151908839	0.00169713417546284	0.000281941424535445	-0.000678315424476279	-0.000458161887617519	-0.00197331804272998	-0.0031229681052158	2.49979707925294	-0.00475056581337938	-0.00330270736041553	-0.000520002272436737	-0.00581767333669081	-0.00255428094533399	-0.00180358548979827	-0.00329579027738443
0.00456853227924643	0.00965066870713656	-0.00747145477244934	-0.0355188525574002	-0.0143767505562447	-0.0526162987521483	-0.0767720680348221	-0.00475056581337938	2.46378563732221	-0.0731073243199172	-0.0113101964820359	-0.124817053924141	-0.0542044414257364	-0.0379319732788786	-0.0687982322160655
0.000797081066377546	-0.00784672182185369	-0.012003750877398	-0.0341967845910639	-0.0117616570697193	-0.0396862946621503	-0.0551450701142115	-0.00330270736041553	-0.0731073243199173	2.59406944062135	-0.00744525046719093	-0.0812689604655127	-0.0349774499516405	-0.0242944859370184	-0.0437851117127823
-0.000150242612764361	-0.00292253582358753	-0.00267918747367732	-0.00648563991606183	-0.0020565939581252	-0.00660851365046103	-0.00888773779308337	-0.000520002272436737	-0.0113101964820359	-0.00744525046719094	2.71316191209453	-0.0121573175350718	-0.0051933812653554	-0.00358440176117663	-0.0064250119901847
-0.00404668634937617	-0.0471716213525198	-0.0367456127858364	-0.0820101688126719	-0.0247654728518267	-0.0770234844598992	-0.101195502385187	-0.00581767333669081	-0.124817053924141	-0.0812689604655127	-0.0121573175350718	2.65517697740442	-0.0554107470093122	-0.0380363637915649	-0.0678591377613096
-0.00259857980229431	-0.0257394194785018	-0.0184857008598197	-0.0392899366347087	-0.0114836923317938	-0.0348906204691132	-0.0450423306981674	-0.00255428094533399	-0.0542044414257364	-0.0349774499516406	-0.0051933812653554	-0.0554107470093122	2.83374953673726	-0.0159826555820401	-0.028396535285231
-0.00230547876136674	-0.0210540813979427	-0.0143998068488979	-0.0296226137426264	-0.00845812701703187	-0.0252508184876218	-0.032154910851499	-0.00180358548979827	-0.0379319732788786	-0.0242944859370184	-0.00358440176117663	-0.038036363791565	-0.0159826555820401	2.91769683383246	-0.0192507079021565
-0.00492437308252308	-0.0428261778786547	-0.0283498644732672	-0.0569728969541635	-0.0159842860549406	-0.047071082730545	-0.0592881162669127	-0.00329579027738443	-0.0687982322160655	-0.0437851117127823	-0.0064250119901847	-0.0678591377613095	-0.028396535285231	-0.0192507079021565	2.96603178153223
7.38640291995402
5.85987035826476
2.46734525985975
6.66416217319468
0.834828136026227
6.25959785171583
6.60944557947342
7.29751855317221
8.90752116325322
9.82303222883606
7.69029085335896
5.81446487875398
9.28313062314188
5.80090365758442
0.169829383372613
15.4229869131081
15.4496517302961
6.39958483337458
15.3947661728765
1.74365047619231
13.4695697736092
13.6148950285637
18.0707347958569
18.6321649334769
22.8831421729115
20.3766518727693
10.5306519308194
23.9981945662763
15.1842367899914
-2.81931758804321
2.02479920015895	0.0630766191949236	0.0668005863860396	0.0404543528944946	0.0184733501914663	0.0780794810305889	0.0061593741721583	0.00715971674597342	0.00858087163380856	0.00883775008724573	0.0284232703185412	0.0220615645556998	0.0016214576519814	0.0221777307532804	0.0120209297068122
0.0630766191949236	2.23117408757222	0.168344043669775	0.101368600578036	0.045981379731681	0.192810483954428	0.0150653812024448	0.0173076541539818	0.0204386379190862	0.0206504532910552	0.06471633636908	0.0484118467981936	0.00336150727945447	0.0416354170325699	0.0181256984529535
0.0668005863860396	0.168344043669775	2.31925266047867	0.105509456166382	0.0474818162776371	0.19720856830378	0.0152290948130618	0.017238931784851	0.0199706141384639	0.0196616999969146	0.0593855609908417	0.0419692969003134	0.00263895185085444	0.0262525328111221	0.00416142389096825
0.0404543528944946	0.101368600578036	0.105509456166382	2.27689699897853	0.0279086201426731	0.114560698092	0.00871690151143122	0.00967978536543458	0.0109269461430681	0.0103682130084039	0.0295853568989603	0.0189341149676077	0.000956215244419467	0.00346365256038887	-0.00795854949093109
0.0184733501914663	0.045981379731681	0.0474818162776371	0.0279086201426731	2.29800912749072	0.0497277040693224	0.00371186543793312	0.00401650043063148	0.00436974764011217	0.00391718938071099	0.010121965137195	0.00520288126412485	9.56739011417079e-05	-0.0050234374023353	-0.0092002897190825
0.0780794810305888	0.192810483954427	0.19720856830378	0.114560698092	0.0497277040693224	2.55444926971972	0.0143511604959176	0.0149664251873006	0.0153829532905742	0.0124874942199222	0.0259165059331049	0.0048505886017112	-0.00129292360237846	-0.0541104672805964	-0.0665922007802593
0.00615937417215829	0.0150653812024448	0.0152290948130618	0.00871690151143121	0.00371186543793312	0.0143511604959175	2.4295774524896	0.000991179856688287	0.000922553321064246	0.000601503191648274	0.00045454616714739	-0.00123317538167169	-0.000262001740670412	-0.0073680772796293	-0.00786511992686686
0.00715971674597342	0.0173076541539818	0.017238931784851	0.00967978536543459	0.00401650043063149	0.0149664251873006	0.000991179856688289	2.50088432926169	0.000661095019648899	0.000156945641519612	-0.00171916743982592	-0.00371762801477619	-0.000530746131682775	-0.0129463077451527	-0.0128348010773561
0.00858087163380856	0.0204386379190862	0.0199706141384639	0.0109269461430681	0.00436974764011216	0.0153829532905742	0.000922553321064246	0.000661095019648893	2.57160852177613	-0.000619251286758023	-0.00540675566767437	-0.00785644498946838	-0.000972872824960256	-0.0220397772160168	-0.0208798808963119
0.00883775008724573	0.0206504532910552	0.0196616999969146	0.0103682130084039	0.00391718938071099	0.0124874942199222	0.000601503191648277	0.000156945641519608	-0.000619251286758027	2.64115857831296	-0.00996537063386872	-0.0125600647617836	-0.00144448792625736	-0.0312710630329645	-0.0287280473699477
0.0284232703185413	0.06471633636908	0.0593855609908418	0.0295853568989603	0.010121965137195	0.0259165059331048	0.000454546167147401	-0.00171916743982591	-0.00540675566767435	-0.00996537063386873	2.66357333928428	-0.0593614378857565	-0.00652385125752748	-0.136954222254407	-0.123052153611928
0.0220615645556998	0.0484118467981936	0.0419692969003135	0.0189341149676076	0.00520288126412487	0.0048505886017111	-0.00123317538167169	-0.00371762801477619	-0.00785644498946838	-0.0125600647617836	-0.0593614378857565	2.71931361364187	-0.00707643888223577	-0.145290248023346	-0.128366296009371
0.0016214576519814	0.00336150727945447	0.00263895185085444	0.000956215244419464	9.56739011417056e-05	-0.00129292360237846	-0.000262001740670412	-0.000530746131682776	-0.000972872824960257	-0.00144448792625736	-0.00652385125752749	-0.00707643888223578	2.85640528012707	-0.0148912046310808	-0.0129846210547235
0.0221777307532804	0.0416354170325698	0.0262525328111222	0.00346365256038896	-0.00502343740233533	-0.0541104672805965	-0.00736807727962929	-0.0129463077451527	-0.0220397772160168	-0.0312710630329645	-0.136954222254407	-0.145290248023346	-0.0148912046310808	2.63185800702104	-0.256000078491328
0.0120209297068122	0.0181256984529536	0.00416142389096839	-0.00795854949093113	-0.00920028971908249	-0.0665922007802593	-0.00786511992686688	-0.0128348010773561	-0.0208798808963119	-0.0287280473699477	-0.123052153611928	-0.128366296009371	-0.0129846210547235	-0.256000078491328	2.78103953368655
1.4651491061489
1.89072174472614
0.426524109111434
6.35197916859882
2.8186685588043
5.3859667804534
6.95163039444332
4.9911601348259
5.35801055751113
4.45183165296042
1.2393227759807
4.90357293468018
8.52998155340816
8.73927405861733
2.70294332292698
4.39137390524246
7.34639929586321
4.20059632266158
15.8144610615336
7.11349562142526
14.8935676637612
16.9958547075097
12.5247072202432
13.7073996080792
11.5269787720551
1.89143350828563
11.7614037189236
24.1501875031451
20.765057549474
3.64703054184257
2.05224377884542	0.0680340456071271	0.0871214798673277	0.00310683132853544	0.0942369407763815	0.0562591140214302	0.0763396462425955	0.0271776753041861	0.0298247095490433	0.00301632354143021	0.00785558268253009	0.0219379781242669	0.00722603340966856	0.00951125165499509	-7.92199770831763e-05
0.0680340456071271	2.15949628776961	0.111984741200922	0.00396011357375266	0.118903217339703	0.0700967207394202	0.0936077289338385	0.0326334533601742	0.0347970430081099	0.00337501792540543	0.00822365750813442	0.0203096923159691	0.00491302551994499	-0.000845108407032639	-0.00197695300911638
0.0871214798673278	0.111984741200922	2.28406450013123	0.00494297685972088	0.146557121938968	0.0850291379021354	0.111191335456557	0.0376649729911741	0.0385166945068577	0.00349519333508333	0.0075314789880509	0.0136603210933453	-0.000431849357996019	-0.020863278963538	-0.00533300622583614
0.00310683132853544	0.00396011357375266	0.00494297685972088	2.21445657893333	0.00498571350101383	0.00283254833646076	0.00359911636644975	0.00116921571966968	0.00111865056157588	8.97711468990024e-05	0.00014206534448628	-3.36739825343155e-05	-0.000298987297412287	-0.00157836930121809	-0.00030834316068446
0.0942369407763815	0.118903217339703	0.146557121938968	0.00498571350101383	2.42817384123001	0.0786424408521345	0.0958313456144025	0.0291269355070371	0.024644200171495	0.00145244389748222	-0.000300383750756064	-0.0199972213620911	-0.0194014196939984	-0.0782754489416074	-0.0136579923769451
0.0562591140214302	0.0700967207394202	0.0850291379021354	0.00283254833646076	0.0786424408521346	2.39877746005433	0.0474671852784846	0.012758535359487	0.00792798947463188	-6.10623336555635e-05	-0.00354680532928222	-0.0258009781965935	-0.0191309350338453	-0.068938821986989	-0.0112989740049115
0.0763396462425956	0.0936077289338386	0.111191335456557	0.00359911636644976	0.0958313456144025	0.0474671852784846	2.47642922150984	0.00944718278455029	-0.000767167605617622	-0.00165953904153221	-0.0105331199367708	-0.0585587796495747	-0.0387817718516925	-0.131271111002665	-0.020674684695255
0.0271776753041862	0.0326334533601742	0.0376649729911741	0.00116921571966968	0.0291269355070371	0.0127585353594871	0.00944718278455041	2.49975628757863	-0.00555843443394174	-0.0013138788029041	-0.00637325111170856	-0.0316469326660187	-0.0196870708955635	-0.0640349687002905	-0.0098105906766215
0.0298247095490433	0.0347970430081099	0.0385166945068577	0.00111865056157588	0.024644200171495	0.00792798947463184	-0.000767167605617606	-0.00555843443394175	2.55757591985262	-0.0025024873951046	-0.0108420954750835	-0.0505705494885601	-0.0302302499079607	-0.0956502378482302	-0.0143602226911498
0.00301632354143021	0.00337501792540543	0.00349519333508333	8.9771146899002e-05	0.00145244389748222	-6.10623336555599e-05	-0.0016595390415322	-0.0013138788029041	-0.0025024873951046	2.64245336128859	-0.00164324255057562	-0.00736513480159786	-0.00428285119487434	-0.0132792781588824	-0.00196296099153558
0.00785558268253009	0.00822365750813442	0.00753147898805093	0.000142065344486279	-0.000300383750756038	-0.00354680532928219	-0.0105331199367708	-0.00637325111170857	-0.0108420954750835	-0.00164324255057562	2.70785955574212	-0.0280181002244089	-0.0159657062939764	-0.048740692933721	-0.00711713185941171
0.0219379781242669	0.0203096923159691	0.0136603210933454	-3.36739825343167e-05	-0.0199972213620911	-0.0258009781965935	-0.0585587796495747	-0.0316469326660188	-0.0505705494885602	-0.00736513480159786	-0.0280181002244089	2.6660063067243	-0.0671637027169875	-0.202541632394499	-0.0292829351992091
0.00722603340966854	0.004913025519945	-0.000431849357996007	-0.000298987297412287	-0.0194014196939984	-0.0191309350338453	-0.0387817718516925	-0.0196870708955635	-0.0302302499079607	-0.00428285119487434	-0.0159657062939764	-0.0671637027169876	2.81991892272646	-0.11114474586961	-0.015937639171305
0.00951125165499516	-0.000845108407032589	-0.020863278963538	-0.00157836930121809	-0.0782754489416074	-0.068938821986989	-0.131271111002665	-0.0640349687002905	-0.0956502378482303	-0.0132792781588824	-0.048740692933721	-0.202541632394499	-0.11114474586961	2.59942408650816	-0.0468736611686116
-7.92199770831729e-05	-0.00197695300911638	-0.00533300622583614	-0.00030834316068446	-0.0136579923769451	-0.0112989740049115	-0.020674684695255	-0.00981059067662151	-0.0143602226911498	-0.00196296099153558	-0.00711713185941171	-0.0292829351992091	-0.015937639171305	-0.0468736611686116	2.99336389110535
7.3784165379759
0.634045006928182
8.60440563038232
9.34405118961213
9.84398312240972
8.58938816683866
7.85558989265031
5.13377418587575
1.77602460505865
3.98589496735843
1.33931250987971
0.308895487449515
9.39141706069548
3.01306064586392
2.95533834475356
18.2927965907722
5.67750476072403
23.6668837567886
20.8616957451312
27.1436278510673
22.6145491913115
21.6053539560331
13.4196951509214
4.74777635446621
10.4868866988427
3.25479982320917
-1.40973221291441
25.2770466648928
3.45197810528193
8.00870315192537
2.01174361920643	0.0127682296242572	0.0501132615869638	0.0335136881753467	0.0205554140169072	0.0347839023192066	0.00336908892085155	0.0198675033988926	0.0153916956925536	0.00851883595927428	0.00173484793078332	0.00219496802127306	-0.000620228157134105	-0.00104764565793101	-0.00288166686109669
0.0127682296242572	2.08518818155527	0.0534231343671253	0.0352485905366576	0.0212491107817498	0.0351422027224437	0.00329678587213351	0.0185381166900528	0.0132778238623007	0.00629441219745384	0.000805222892447169	-0.00146889165202394	-0.0027866451209247	-0.00216232356445898	-0.00487987206725489
0.0501132615869638	0.0534231343671253	2.34749945639419	0.132709749340155	0.0781876172870303	0.125243093895116	0.0112036516459685	0.0582441869595854	0.0357312630754151	0.0106403624447651	-0.00196256576887256	-0.0240362376874369	-0.0209476095142042	-0.0133361934443956	-0.0274309529827113
0.0335136881753467	0.0352485905366576	0.132709749340155	2.29839546881781	0.0479964487461063	0.0733109694899613	0.00606307431533327	0.0269973024143965	0.0104038942496205	-0.00446694748452949	-0.00553155539260553	-0.0311218649309025	-0.0222531755328559	-0.0129125098102191	-0.025162358291631
0.0205554140169072	0.0212491107817498	0.0781876172870303	0.0479964487461062	2.31183084097054	0.0368802511887956	0.00261247587448711	0.00730734387216115	-0.00406014895829504	-0.0117037626519443	-0.00665791125898614	-0.0307336931285266	-0.02002914380577	-0.0110106440677857	-0.0207094103282881
0.0347839023192066	0.0351422027224436	0.125243093895116	0.0733109694899613	0.0368802511887957	2.40175019821287	0.00198492696485989	-0.00800495053215364	-0.0298613677325263	-0.0395429724157495	-0.0184561116474016	-0.0776494190886014	-0.047942150773584	-0.0254379543854651	-0.0466622576923315
0.00336908892085155	0.00329678587213351	0.0112036516459685	0.00606307431533328	0.00261247587448711	0.00198492696485989	2.42844408131565	-0.00344804029657908	-0.00590880221851926	-0.00641974045048625	-0.00273092404230649	-0.0108852721453749	-0.00648683610913697	-0.00335680528708768	-0.00604390451907287
0.0198675033988926	0.0185381166900528	0.0582441869595854	0.0269973024143965	0.00730734387216121	-0.00800495053215354	-0.00344804029657907	2.45711245842326	-0.0602999112929554	-0.0597112198907431	-0.0240646618243496	-0.0925814045839538	-0.0538078889442319	-0.027330467422937	-0.0485042385124024
0.0153916956925536	0.0132778238623007	0.0357312630754151	0.0104038942496204	-0.00406014895829504	-0.0298613677325264	-0.00590880221851927	-0.0602999112929554	2.49415634094809	-0.0724927186690073	-0.0281989240745251	-0.105804732778336	-0.0603580448859372	-0.0302188168592419	-0.0530181390280415
0.00851883595927426	0.00629441219745382	0.0106403624447651	-0.00446694748452952	-0.0117037626519444	-0.0395429724157496	-0.00641974045048624	-0.0597112198907431	-0.0724927186690073	2.57721546735964	-0.0249026957701125	-0.09171213425814	-0.0515701098382285	-0.0255243529189963	-0.0443645902240028
0.00173484793078331	0.000805222892447167	-0.00196256576887258	-0.00553155539260555	-0.00665791125898614	-0.0184561116474017	-0.0027309240423065	-0.0240646618243496	-0.0281989240745252	-0.0249026957701125	2.70501269957439	-0.0336622059868225	-0.018712345216027	-0.00917528612003043	-0.015824243035754
0.00219496802127304	-0.00146889165202394	-0.0240362376874371	-0.0311218649309025	-0.0307336931285266	-0.0776494190886015	-0.0108852721453749	-0.0925814045839539	-0.105804732778336	-0.0917121342581401	-0.0336622059868225	2.66491104383863	-0.0665271544024382	-0.0323677072415354	-0.0554578639419671
-0.000620228157134106	-0.0027866451209247	-0.0209476095142042	-0.0222531755328559	-0.02002914380577	-0.047942150773584	-0.00648683610913697	-0.0538078889442319	-0.0603580448859371	-0.0515701098382286	-0.018712345216027	-0.0665271544024382	2.82078980321927	-0.0175712137840801	-0.0299373239528185
-0.00104764565793101	-0.00216232356445898	-0.0133361934443956	-0.0129125098102191	-0.0110106440677857	-0.0254379543854651	-0.00335680528708768	-0.027330467422937	-0.0302188168592419	-0.0255243529189963	-0.00917528612003043	-0.0323677072415354	-0.0175712137840801	2.92012598161927	-0.0143193288178013
-0.00288166686109669	-0.00487987206725488	-0.0274309529827113	-0.025162358291631	-0.0207094103282881	-0.0466622576923316	-0.00604390451907287	-0.0485042385124024	-0.0530181390280414	-0.0443645902240028	-0.015824243035754	-0.055457863941967	-0.0299373239528185	-0.0143193288178013	2.97582435854469
9.88417928784981
5.39982099037929
7.06917419322763
9.99491620097705
2.87849344815137
4.14522538893108
4.64839941625137
7.63957078491957
8.18204038907671
1.00221540195492
1.78116953886766
3.5963491348208
0.567046890682912
5.21885673661279
3.35848974676925
21.1433623117034
12.5614419667433
19.9858479311719
24.9028450277886
7.92008211275195
11.2489594036652
11.3284007672528
18.4560745686278
19.4907099819168
0.769302137419944
3.98982858336211
6.53804196824913
-0.500132926411431
14.1691797949359
8.04475155510298
2.00221314872382	0.0099684072396252	0.00144511210678759	0.0146226126837224	0.0203185564566142	0.0154224762401461	0.00199490706241031	0.00161288898552397	0.0137570210854403	0.0139875552173317	0.00704968524438504	0.00119644311580792	0.00719673554633808	0.00218698790828828	0.00124122627970276
0.0099684072396252	2.11612521998092	0.00644600270608571	0.0648317834396857	0.0894473646111269	0.0673200117060083	0.00861867327022302	0.00687985123908485	0.0577360884163557	0.0574632983035391	0.0281235824740609	0.0045725645248077	0.0256771616186705	0.00686197317943745	0.0027922468625238
0.00144511210678759	0.00644600270608572	2.1437811600558	0.0092276103507975	0.0126236284020335	0.00940347797165332	0.00118861598942167	0.0009335306503111	0.00766871632524243	0.00741170361976088	0.00347508161366411	0.000527470155973266	0.00260481106746433	0.0004990895138902	-5.93576773636379e-05
0.0146226126837224	0.0648317834396857	0.0092276103507975	2.30565785791876	0.123719012368753	0.0909908194875815	0.011316158345916	0.00869985092880288	0.0693997779738129	0.0642569821825832	0.0281261942813097	0.00375435227172593	0.0132927112620217	-0.000744405282522099	-0.00602647332090282
0.0203185564566142	0.0894473646111269	0.0126236284020335	0.123719012368753	2.4511068182935	0.119681055917441	0.0145697679016875	0.0108772123520973	0.0831248261261526	0.0718516386157257	0.0276578545298413	0.00264693179705531	-0.00273914460733259	-0.0104415788840777	-0.0171826396672284
0.0154224762401461	0.0673200117060083	0.00940347797165332	0.0909908194875815	0.119681055917441	2.44191647324714	0.0100216702463931	0.00716757019821143	0.0511362387147941	0.0388710141580562	0.01072773156934	-0.000300072239342532	-0.0211374876578007	-0.0163785140380969	-0.0209573894220189
0.00199490706241031	0.00861867327022303	0.00118861598942167	0.011316158345916	0.0145697679016875	0.0100216702463931	2.42970640379519	0.000757812754529807	0.00475455526781046	0.00259123741739445	-0.00020901761642374	-0.0003979753289932	-0.0056984089716935	-0.00343331556629314	-0.0039419458228645
0.00161288898552397	0.00687985123908485	0.000933530650311099	0.00869985092880288	0.0108772123520973	0.00716757019821144	0.000757812754529806	2.50044496781985	0.00200159777061047	-0.000318836309136935	-0.00175064785493462	-0.000677550971740507	-0.00754359587491382	-0.00407823985324853	-0.0044066047987676
0.0137570210854403	0.0577360884163557	0.00766871632524243	0.0693997779738128	0.0831248261261525	0.0511362387147941	0.00475455526781046	0.00200159777061048	2.56879697873657	-0.0285341522649065	-0.0318468083413972	-0.00958402786994371	-0.0957455839703147	-0.0487132956645335	-0.0506278812905166
0.0139875552173317	0.0574632983035391	0.00741170361976088	0.0642569821825832	0.0718516386157256	0.0388710141580563	0.00259123741739444	-0.00031883630913693	-0.0285341522649064	2.57996720087527	-0.0545784391106937	-0.0147379645424999	-0.138561508201318	-0.0678082074840515	-0.0685919073705482
0.00704968524438505	0.0281235824740609	0.00347508161366411	0.0281261942813098	0.0276578545298412	0.01072773156934	-0.000209017616423745	-0.00175064785493462	-0.0318468083413972	-0.0545784391106938	2.67178509378905	-0.0108005551047506	-0.0976701992051549	-0.0465211145137614	-0.0461305877533935
0.00119644311580792	0.0045725645248077	0.000527470155973265	0.00375435227172594	0.0026469317970553	-0.000300072239342531	-0.000397975328993201	-0.000677550971740505	-0.0095840278699437	-0.0147379645424999	-0.0108005551047506	2.78307426225928	-0.0232365772540459	-0.0108494683105814	-0.010595236170565
0.00719673554633809	0.0256771616186706	0.00260481106746433	0.0132927112620217	-0.00273914460733258	-0.0211374876578006	-0.0056984089716935	-0.00754359587491381	-0.0957455839703146	-0.138561508201317	-0.0976701992051549	-0.0232365772540459	2.65665651600828	-0.0921901236530004	-0.088947516186379
0.00218698790828829	0.00686197317943747	0.000499089513890199	-0.000744405282522125	-0.0104415788840777	-0.0163785140380968	-0.00343331556629314	-0.00407823985324852	-0.0487132956645335	-0.0678082074840514	-0.0465211145137614	-0.0108494683105814	-0.0921901236530004	2.88668905882413	-0.0400146985685211
0.00124122627970276	0.00279224686252377	-5.93576773636413e-05	-0.00602647332090282	-0.0171826396672284	-0.0209573894220189	-0.0039419458228645	-0.0044066047987676	-0.0506278812905166	-0.0685919073705481	-0.0461305877533935	-0.010595236170565	-0.088947516186379	-0.0400146985685211	2.96207883967244
8.94941675440814
0.714528127870445
2.42486558936719
0.537543922087138
4.41722057064424
0.132832004672525
8.97191350973572
1.96658191367632
0.93370516755093
3.0736689958792
4.56057666843741
1.01669393624755
9.95389727655092
3.32092833452499
2.97346815887922
18.2217915678261
2.7967487196589
5.36412569064469
2.62248825047444
11.6522096406135
1.1036033761665
21.830473468196
4.88989996989608
1.5312945708008
6.39498261631163
10.9375571484877
2.4512213089425
24.9044468815914
8.010919959186
7.19713609441109
2.05100553368597	0.0861063662673769	0.0980064941615568	0.0128690469712263	0.0144954222839232	0.0571015680251308	0.0458403540217775	0.0757216874621662	0.0604003501968223	0.0485856807431216	0.00291184596277676	0.00344670658440665	0.00335103460624182	0.0226864519646877	0.017898515500015
0.0861063662673769	2.21614627679577	0.163879042187298	0.0213915398116507	0.0239279687021554	0.0934816455829918	0.074297028083997	0.121216694527199	0.0951835198480186	0.0750075719684763	0.00437096875344396	0.00496783264874457	0.0045297776932542	0.0272848441118233	0.016205559200888
0.0980064941615569	0.163879042187298	2.327338406399	0.0239138881521402	0.0265287833380915	0.102608423312456	0.0805465200491513	0.129365337986441	0.0995157367105459	0.0762513607989978	0.0042665175043088	0.00454776609595523	0.00368947839917187	0.0167302208024525	0.000222417787147046
0.0128690469712263	0.0213915398116507	0.0239138881521402	2.21736005132358	0.00337647688555313	0.0128987651818348	0.00996763336132662	0.015683309455035	0.0117307029177767	0.00863044543598953	0.000452891820086083	0.000429512676087627	0.000262322142411507	2.66254495553684e-05	-0.00273139617420044
0.0144954222839232	0.0239279687021554	0.0265287833380915	0.00337647688555312	2.28937693014114	0.0137739742079167	0.010427439887929	0.0159527603605462	0.0114571211256834	0.00790533014429887	0.000369095030827763	0.000263518930820105	3.60243441405919e-06	-0.00282148656143275	-0.00670382596488055
0.0571015680251308	0.0934816455829918	0.102608423312456	0.0128987651818348	0.0137739742079167	2.4078884444251	0.0373533194583276	0.054870723568153	0.0369586145577847	0.0226890917308025	0.000797493973962264	1.27446035296233e-05	-0.00134440617083076	-0.0243876188123156	-0.0432922506836483
0.0458403540217775	0.074297028083997	0.0805465200491513	0.00996763336132662	0.010427439887929	0.0373533194583277	2.45497200806988	0.0363714217062723	0.0217967726260111	0.0100736239537955	7.92540257872807e-06	-0.00097732758289307	-0.0023878185473481	-0.0323620663123996	-0.0510164181344345
0.0757216874621662	0.121216694527199	0.129365337986441	0.015683309455035	0.0159527603605462	0.054870723568153	0.0363714217062723	2.54458245868514	0.0201135182996206	0.000208068762315655	-0.00126317169519004	-0.0036077647199647	-0.00658560068373545	-0.0792616793626983	-0.1170961836026
0.0604003501968223	0.0951835198480187	0.0995157367105458	0.0117307029177767	0.0114571211256834	0.0369586145577847	0.0217967726260111	0.0201135182996207	2.57163168426552	-0.0162134753479184	-0.00227975729989983	-0.00486474922980495	-0.00788588788243208	-0.0889455500310505	-0.126122405458341
0.0485856807431216	0.0750075719684763	0.0762513607989978	0.00863044543598952	0.00790533014429888	0.0226890917308025	0.0100736239537955	0.000208068762315769	-0.0162134753479185	2.61288126871155	-0.00314905595311658	-0.00596740033057304	-0.00906527671237724	-0.0981393644532586	-0.135278751277815
0.00291184596277676	0.00437096875344396	0.0042665175043088	0.000452891820086083	0.000369095030827764	0.000797493973962265	7.92540257873101e-06	-0.00126317169519003	-0.00227975729989983	-0.00314905595311659	2.71399193453925	-0.000521713889901477	-0.000760705996322972	-0.00800566365652172	-0.0108093441110929
0.00344670658440665	0.00496783264874457	0.00454776609595523	0.000429512676087627	0.000263518930820107	1.27446035296262e-05	-0.000977327582893073	-0.00360776471996471	-0.00486474922980495	-0.00596740033057303	-0.000521713889901477	2.78482502010709	-0.00126047507089713	-0.012993627708622	-0.0172692444606274
0.00335103460624182	0.00452977769325421	0.00368947839917188	0.000262322142411507	3.60243441406298e-06	-0.00134440617083074	-0.0023878185473481	-0.00658560068373542	-0.00788588788243207	-0.00906527671237724	-0.000760705996322971	-0.00126047507089713	2.85539279817019	-0.0177578244167498	-0.0233090130535597
0.0226864519646878	0.0272848441118233	0.0167302208024525	2.66254495553615e-05	-0.00282148656143273	-0.0243876188123156	-0.0323620663123996	-0.0792616793626983	-0.0889455500310504	-0.0981393644532586	-0.00800566365652172	-0.012993627708622	-0.0177578244167497	2.75061321356809	-0.231247666374517
0.017898515500015	0.0162055592008881	0.000222417787147015	-0.00273139617420044	-0.00670382596488053	-0.0432922506836484	-0.0510164181344345	-0.1170961836026	-0.126122405458341	-0.135278751277815	-0.0108093441110929	-0.0172692444606274	-0.0233090130535597	-0.231247666374517	2.70199397111274
7.46313427703679
0.103366183433964
0.484473392532221
6.67916121573624
6.03467983830769
5.26102465795561
7.29709448223228
7.07253485315421
7.81377051799277
2.87976975614171
6.92531986386519
5.56669834964013
3.96520792581593
0.615906670539647
7.80175531491174
17.5253222382082
4.30850887449038
5.31695959794295
15.2936266604337
14.2853844167486
13.9850237491686
18.6527557055338
18.5325196567813
20.0866182042875
6.89797339247958
18.6980192891846
15.2960581119672
10.9873932815124
-2.04746755499125
17.947852678027
2.00442256168939	0.0174922320183585	0.0163137131727473	0.0278378853887457	0.0221766511397067	0.0264745418897241	0.0110258532745473	0.00544750105244403	0.0019839155815968	0.0149308432761572	0.00324819454824499	0.00475386135613826	0.00479738854482032	0.00117800355694924	0.00102449343423946
0.0174922320183585	2.14023183912569	0.0637537257025499	0.107960144436899	0.0852172721492865	0.100593319605185	0.0413073233480681	0.0200408117008993	0.00712317105091992	0.0518035264933878	0.0107006217134099	0.014344764366292	0.0120637477825756	0.00155266871563667	-0.00532823111640697
0.0163137131727473	0.0637537257025499	2.20148129050946	0.0983646107759487	0.0767736293852473	0.0893568278661414	0.0360320354755875	0.0170611872681648	0.00585992582857319	0.0404641163409488	0.00765596035392891	0.00855292238948901	0.00377014633295637	-0.00191468103262529	-0.0151229886503656
0.0278378853887457	0.107960144436899	0.0983646107759487	2.37748198755178	0.12559073155668	0.143541143179652	0.0564897501999232	0.0258472837828942	0.00842926621494743	0.0533147823598748	0.00840635456285719	0.00492240569901345	-0.00856175418984912	-0.010007783975828	-0.046159012157515
0.0221766511397067	0.0852172721492866	0.0767736293852474	0.12559073155668	2.38062343543299	0.105866631159433	0.0402603133056885	0.0174909902190023	0.00522479415480981	0.0275395920984161	0.00227600080982661	-0.00525876528866671	-0.0210526163890326	-0.0143700618328376	-0.0560890758347422
0.0264745418897241	0.100593319605185	0.0893568278661413	0.143541143179652	0.105866631159433	2.47125580049668	0.0412045290000653	0.0163969144154243	0.00408175906295947	0.0112769207931022	-0.00367745284901677	-0.019556693426945	-0.0457188302037369	-0.0264088039947867	-0.0949009441772685
0.0110258532745473	0.0413073233480681	0.0360320354755875	0.0564897501999232	0.0402603133056884	0.0412045290000653	2.44219951659262	0.00451941844233629	0.000589688468529472	-0.00642846781198776	-0.00482504086637578	-0.0149839633893153	-0.029643361408529	-0.0157646097764395	-0.0539146653225454
0.00544750105244403	0.0200408117008993	0.0170611872681648	0.0258472837828942	0.0174909902190023	0.0163969144154243	0.0045194184423363	2.5007855702405	-0.000404451805721374	-0.0101481892249267	-0.0044479456450114	-0.0116892391083537	-0.0212906607878619	-0.0107757325885175	-0.0356565268162466
0.0019839155815968	0.00712317105091992	0.00585992582857319	0.00842926621494742	0.0052247941548098	0.00408175906295947	0.000589688468529487	-0.000404451805721374	2.57094929565826	-0.00702238513610868	-0.00260469347967971	-0.00630210371852078	-0.0109242173719615	-0.00534954126267622	-0.0172888936049746
0.0149308432761572	0.0518035264933877	0.0404641163409488	0.0533147823598747	0.027539592098416	0.0112769207931023	-0.00642846781198771	-0.0101481892249267	-0.0070223851361087	2.55578386807088	-0.0297343883684671	-0.0684683436355331	-0.114832059061273	-0.0549221826823792	-0.174386422851146
0.00324819454824498	0.0107006217134099	0.00765596035392888	0.00840635456285718	0.00227600080982659	-0.0036774528490168	-0.00482504086637579	-0.00444794564501141	-0.00260469347967971	-0.0297343883684672	2.70462220141741	-0.0215295218765193	-0.0352668071839186	-0.0165716213093875	-0.0518977418543347
0.00475386135613826	0.014344764366292	0.00855292238948901	0.00492240569901346	-0.00525876528866679	-0.019556693426945	-0.0149839633893153	-0.0116892391083537	-0.00630210371852079	-0.0684683436355331	-0.0215295218765193	2.73886616558225	-0.0753942365301032	-0.0349426296320283	-0.108230888953436
0.00479738854482032	0.0120637477825756	0.00377014633295634	-0.00856175418984908	-0.0210526163890326	-0.0457188302037369	-0.029643361408529	-0.0212906607878619	-0.0109242173719615	-0.114832059061273	-0.0352668071839186	-0.0753942365301032	2.73746805804402	-0.054857034152421	-0.16838703838847
0.00117800355694924	0.00155266871563666	-0.00191468103262532	-0.010007783975828	-0.0143700618328376	-0.0264088039947866	-0.0157646097764395	-0.0107757325885175	-0.00534954126267622	-0.0549221826823792	-0.0165716213093874	-0.0349426296320283	-0.054857034152421	2.90365173861113	-0.0759191579808332
0.00102449343423946	-0.00532823111640693	-0.0151229886503656	-0.046159012157515	-0.0560890758347422	-0.0949009441772685	-0.0539146653225454	-0.0356565268162466	-0.0172888936049746	-0.174386422851146	-0.0518977418543346	-0.108230888953436	-0.16838703838847	-0.0759191579808332	2.77017667097692
6.83715572408358
1.32082955713563
7.22724539656766
1.10353480642349
1.17492852151833
6.40717922965926
3.28814214756803
6.53812022595774
7.49131463103519
5.83185731454876
7.40032327987778
2.34826914747904
7.34957541696052
9.70598525086615
8.66930291751916
14.3365426536875
5.0637650752301
17.3423367690027
4.97707339673109
4.10353210100241
15.9270814025267
7.88160627267572
16.0136884812662
19.0088802245656
12.1215937195221
18.9367607573699
3.85572523342263
16.4496331512577
26.2332395254749
19.0117061818333
2.0709951457405	0.10461308955795	0.103856505898944	0.0533948623304811	0.0719969639755254	0.0105645066310955	0.0771986980584022	0.0129525871588194	0.0147768399785542	0.033456616258933	0.0138256647428818	0.0113606663885156	0.000472791732797386	-0.00338070281389199	-0.000966853338405896
0.10461308955795	2.22432468179437	0.150298771804478	0.0763362242217036	0.10135728915586	0.014576665223006	0.103643034956696	0.0167177339314287	0.0179309756674284	0.0363402867795553	0.0115724944658142	0.00147478578627829	-0.00787958226573342	-0.0113851213391238	-0.00236546380822647
0.103856505898944	0.150298771804478	2.28881379912693	0.0729976280232714	0.0949951026300504	0.0132930792966716	0.0908653445181155	0.0137796132985387	0.0132296247664581	0.0206617251715901	0.00102044449794752	-0.0166955039841398	-0.0180248281416367	-0.0189204142256492	-0.00346750169543976
0.0533948623304811	0.0763362242217036	0.0729976280232714	2.25006747832171	0.0453080531652245	0.00609523592792274	0.0391710008184116	0.00531725397447696	0.00393398342773582	0.000952874613255842	-0.00604180560827292	-0.0199744229405187	-0.0156664601593099	-0.014505669692052	-0.00248471846702591
0.0719969639755254	0.10135728915586	0.0949951026300503	0.0453080531652245	2.34086863884063	0.00697583789212719	0.0401286464686239	0.00419770459846841	0.000481660653871038	-0.0149779571906559	-0.0191902629115646	-0.0460907161622503	-0.0318872811679041	-0.027595467662807	-0.00453100321579989
0.0105645066310955	0.014576665223006	0.0132930792966716	0.00609523592792274	0.00697583789212719	2.3579326204426	0.00350098060613104	5.67977645463693e-05	-0.000836697987706054	-0.00525747827588548	-0.00489362701170185	-0.0103674224156475	-0.00670391024119538	-0.00556116353310137	-0.000886984201539318
0.0771986980584021	0.103643034956696	0.0908653445181153	0.0391710008184117	0.0401286464686239	0.00350098060613105	2.43097837618448	-0.00501321533764781	-0.0149228299273353	-0.0681216235345249	-0.0559301218531961	-0.110748807033296	-0.0686457511673353	-0.0553152326606718	-0.00863790525326309
0.0129525871588194	0.0167177339314287	0.0137796132985387	0.00531725397447696	0.0041977045984684	5.67977645463692e-05	-0.00501321533764783	2.4978900924331	-0.00456271452894673	-0.0183723409234226	-0.0140986858402072	-0.0267601863029749	-0.0161122927417897	-0.0127116492225883	-0.001953314144811
0.0147768399785542	0.0179309756674284	0.0132296247664581	0.00393398342773583	0.000481660653871043	-0.000836697987706065	-0.0149228299273352	-0.00456271452894673	2.56272513897544	-0.032755567136047	-0.0240944195832262	-0.0444242980877426	-0.0261879956610888	-0.0203307461930907	-0.00308475613115283
0.0334566162589329	0.0363402867795553	0.0206617251715901	0.000952874613255906	-0.0149779571906559	-0.00525747827588547	-0.0681216235345248	-0.0183723409234227	-0.032755567136047	2.52468995739017	-0.0844348708623234	-0.152419110773378	-0.0884153380126677	-0.0677760091005361	-0.0101788926725808
0.0138256647428818	0.0115724944658143	0.00102044449794753	-0.00604180560827288	-0.0191902629115646	-0.00489362701170185	-0.055930121853196	-0.0140986858402072	-0.0240944195832262	-0.0844348708623234	2.65521662570313	-0.104926298453799	-0.060099362140774	-0.0456010947411973	-0.00679105319950939
0.0113606663885156	0.00147478578627829	-0.0166955039841398	-0.0199744229405187	-0.0460907161622503	-0.0103674224156475	-0.110748807033297	-0.0267601863029749	-0.0444242980877426	-0.152419110773378	-0.104926298453799	2.601677026418	-0.1043393898702	-0.0785038615771109	-0.0116086424032242
0.000472791732797371	-0.00787958226573343	-0.0180248281416368	-0.0156664601593099	-0.0318872811679041	-0.00670391024119538	-0.0686457511673353	-0.0161122927417897	-0.0261879956610888	-0.0884153380126677	-0.060099362140774	-0.1043393898702	2.79848473579649	-0.0438227297171215	-0.00644135289623506
-0.00338070281389196	-0.0113851213391237	-0.0189204142256492	-0.014505669692052	-0.027595467662807	-0.00556116353310137	-0.0553152326606718	-0.0127116492225883	-0.0203307461930907	-0.0677760091005361	-0.0456010947411973	-0.0785038615771109	-0.0438227297171215	2.89602840082152	-0.00475867368882915
-0.000966853338405894	-0.00236546380822647	-0.00346750169543976	-0.00248471846702591	-0.00453100321579989	-0.000886984201539319	-0.00863790525326309	-0.001953314144811	-0.00308475613115283	-0.0101788926725808	-0.00679105319950939	-0.0116086424032242	-0.00644135289623506	-0.00475867368882915	2.99930728201093
4.8448037239818
1.51845525116267
7.81931966588002
1.00606322362422
2.94066333758628
2.37373019705579
5.30872257027928
0.914987313394122
4.05315419880591
1.04846247115757
1.12283962156027
7.84427890743913
2.91570317906931
6.03533438750887
9.64422667215901
11.8879565135447
6.0554084731901
19.2529621125005
3.26590673838196
7.70816820106525
5.66225154598208
12.6276664357368
2.0666004575217
9.87069415120907
0.403660064916123
1.1647716958724
18.1946943591311
6.09292639978558
15.8885199114037
28.6556736853908
2.30221349328906	0.0585057946029376	0.319914378499919	0.0601017576863263	0.0596099310720257	0.0406777526931024	0.0541564639387868	0.0588951501046278	0.0625592806643848	0.0912778302226826	0.0810817450554144	0.0489457223729998	0.0486279873934525	0.145043722253488	0.0922414274015652
0.0585057946029376	2.08271645640961	0.0614877278926189	0.0115015617040261	0.0113508290619742	0.00770130547822812	0.0101842162032458	0.010986964451521	0.0115582305496323	0.0166647077700633	0.014582775585383	0.00863297852934082	0.00835345552398268	0.0239928234821361	0.0143913541321306
0.319914378499919	0.0614877278926189	2.4763444201533	0.0620707455471564	0.0609054514298138	0.0410452443223896	0.0538451983579324	0.0575305479285484	0.059806024141439	0.084944642336299	0.0728966037657565	0.0420302249450985	0.0391624425989319	0.106090913380082	0.0574017328416772
0.0601017576863263	0.0115015617040261	0.0620707455471564	2.22577235635959	0.0111952089815913	0.0074844477268054	0.00972400818703389	0.0102666707096416	0.0105138255130084	0.0146447053579322	0.0122401261092268	0.0067958356081901	0.00597233478570796	0.0145941590529519	0.00625751279953949
0.0596099310720257	0.0113508290619742	0.0609054514298138	0.0111952089815913	2.2965383957186	0.00716673212840462	0.00920109503174963	0.00956992521935645	0.00961099805744576	0.01303834034909	0.0104937356754965	0.00549515966861442	0.00435620299371535	0.0084356566865993	0.00108436490442269
0.0406777526931024	0.00770130547822813	0.0410452443223896	0.0074844477268054	0.00716673212840462	2.36183188631612	0.00593042734749405	0.00604900342810992	0.00591667517034041	0.00772919214910333	0.00586725730099369	0.00277148059835614	0.00174106703542954	0.00101078820467764	-0.00328501286114214
0.0541564639387868	0.0101842162032458	0.0538451983579324	0.0097240081870339	0.00920109503174963	0.00593042734749405	2.43592702439928	0.00730717737406193	0.00688249807945447	0.00847999700713981	0.00580661781671485	0.00217358089379744	0.000409367483397944	-0.00600867020645554	-0.0106110138697888
0.0588951501046278	0.010986964451521	0.0575305479285484	0.0102666707096416	0.00956992521935645	0.00604900342810991	0.00730717737406191	2.50699010974717	0.00620974357248047	0.00690159992155308	0.00374501171332435	0.000420280878114231	-0.00200123236771507	-0.0159611488851289	-0.0195345932810609
0.0625592806643848	0.0115582305496323	0.059806024141439	0.0105138255130084	0.00961099805744576	0.00591667517034041	0.00688249807945449	0.00620974357248047	2.57640468005479	0.0043827007957227	0.000712982890160937	-0.00202295355013623	-0.00523414083286606	-0.0289316860972815	-0.0309084648235585
0.0912778302226826	0.0166647077700633	0.084944642336299	0.0146447053579322	0.01303834034909	0.00772919214910332	0.00847999700713981	0.0069015999215531	0.00438270079572273	2.6440143941592	-0.00475976285779434	-0.00733827062821091	-0.0131587588321876	-0.063490205636905	-0.0631431663905844
0.0810817450554143	0.014582775585383	0.0728966037657565	0.0122401261092268	0.0104937356754965	0.00586725730099369	0.00580661781671485	0.00374501171332438	0.000712982890160967	-0.00475976285779433	2.70364809216632	-0.0113661838760932	-0.0177909584982139	-0.0799110956130617	-0.0760319841547962
0.0489457223729998	0.00863297852934082	0.0420302249450985	0.00679583560819012	0.00549515966861442	0.00277148059835614	0.00217358089379745	0.000420280878114249	-0.00202295355013623	-0.00733827062821087	-0.0113661838760932	2.77511325087064	-0.015447167763162	-0.0663783141420589	-0.0612819053242153
0.0486279873934524	0.00835345552398268	0.0391624425989318	0.00597233478570796	0.00435620299371535	0.00174106703542953	0.000409367483397935	-0.00200123236771507	-0.00523414083286606	-0.0131587588321876	-0.0177909584982139	-0.0154471677631621	2.83560913619035	-0.0897869539360953	-0.0811031990844575
0.145043722253488	0.0239928234821361	0.106090913380082	0.0145941590529519	0.00843565668659933	0.00101078820467765	-0.00600867020645557	-0.0159611488851288	-0.0289316860972814	-0.063490205636905	-0.0799110956130617	-0.066378314142059	-0.0897869539360953	2.56228055249082	-0.325433616874429
0.0922414274015651	0.0143913541321306	0.0574017328416771	0.00625751279953951	0.00108436490442271	-0.00328501286114214	-0.0106110138697889	-0.0195345932810609	-0.0309084648235585	-0.0631431663905844	-0.0760319841547962	-0.0612819053242153	-0.0811031990844576	-0.325433616874429	2.71459575167516
6.73294914108653
4.29564459251853
4.51739234904736
6.09857169290216
0.594032968582772
3.15811438338866
7.72722130862935
6.96432989006095
1.2533218110918
1.30151450389424
0.923523387192016
0.0782029356933489
4.23109385164167
6.55573174937914
7.22922524692024
20.6556058900983
10.2217017305692
16.4980948754185
14.6956808783554
2.43882699563106
8.10252614885286
19.5197812481453
18.0729252822478
3.72597899074635
3.81831093973991
2.4501139564509
-0.119413897939492
11.3554114645288
15.3657178048234
17.7044593802256
2.17688350540824	0.096659678967041	0.218056268302819	0.0818501286444852	0.11492594872778	0.025750947362276	0.056615646572423	0.0209655594749906	0.084728320942802	0.0813720787320259	0.0263298067419515	0.0388774507126874	0.0112837371758242	0.0106180401950798	0.00138173312848742
0.096659678967041	2.12394093167288	0.117653156209214	0.043803522915664	0.0609005559522608	0.013480587673983	0.0291854181179134	0.0105927904374911	0.0416546755786485	0.0384608362365675	0.0117011023387105	0.0154683679488553	0.0034621689468322	0.000518083085825754	-0.00817225204017079
0.218056268302819	0.117653156209214	2.4043141544194	0.0963871716534665	0.132386563311381	0.0288566100102247	0.0612317794479323	0.0216248236054006	0.0817549590299691	0.0709749124984243	0.0193321666053223	0.01970819387221	0.000701472003173715	-0.0127240109009166	-0.0419066448571438
0.0818501286444852	0.0438035229156639	0.0963871716534666	2.24938923166046	0.0474776418910934	0.0101429671396838	0.0209424660936512	0.00711068876126675	0.0252760377689145	0.0196456935191881	0.00412659272522154	0.000668986969594996	-0.00288631487996494	-0.0109313530057156	-0.026128963214417
0.11492594872778	0.0609005559522608	0.132386563311381	0.0474776418910934	2.34865071826888	0.0130830569588304	0.0259704927876061	0.00829086480578044	0.0263854659369271	0.0158150917882041	0.000528269715629098	-0.0103811220723297	-0.00935162036945299	-0.025704341252287	-0.054182704106891
0.025750947362276	0.0134805876739831	0.0288566100102247	0.0101429671396838	0.0130830569588304	2.35975757298401	0.00488012841983558	0.00139482107905331	0.00342319797393713	0.00032628621008041	-0.00132112907381116	-0.00542063736478711	-0.00354390705985335	-0.00859029094005116	-0.0169229454440236
0.056615646572423	0.0291854181179134	0.0612317794479323	0.0209424660936512	0.0259704927876061	0.00488012841983558	2.43672608393642	0.00179738636597743	0.000701479060140255	-0.00810483070243523	-0.0068518366210765	-0.0204033510708155	-0.0117635773064368	-0.0266488728108042	-0.0503204704145287
0.0209655594749906	0.0105927904374911	0.0216248236054006	0.00711068876126675	0.00829086480578047	0.00139482107905331	0.00179738636597743	2.50006299948925	-0.0029803881639012	-0.00718982942045965	-0.00441134513367361	-0.011584344916191	-0.00624199293052719	-0.0135537812651535	-0.024860446567107
0.084728320942802	0.0416546755786486	0.0817549590299692	0.0252760377689145	0.0263854659369271	0.00342319797393711	0.000701479060140255	-0.00298038816390122	2.5419894291728	-0.0515418862517272	-0.0278880852757524	-0.0684436283401987	-0.0353494437213452	-0.074559397283593	-0.133892881021702
0.0813720787320259	0.0384608362365675	0.070974912498424	0.0196456935191882	0.015815091788204	0.000326286210080391	-0.00810483070243523	-0.00718982942045964	-0.0515418862517273	2.56327760674223	-0.0402414551720097	-0.0946642002961818	-0.0474917239319662	-0.0980718537167619	-0.173301153809176
0.0263298067419515	0.0117011023387105	0.0193321666053223	0.00412659272522154	0.000528269715629062	-0.00132112907381116	-0.0068518366210765	-0.00441134513367362	-0.0278880852757524	-0.0402414551720097	2.69478081476203	-0.0445695670794535	-0.0218915859127622	-0.0444841858395897	-0.0776170048525971
0.0388774507126876	0.0154683679488553	0.01970819387221	0.000668986969595036	-0.0103811220723297	-0.00542063736478708	-0.0204033510708154	-0.011584344916191	-0.0684436283401987	-0.0946642002961818	-0.0445695670794534	2.6860040463742	-0.0481926202664303	-0.0966948012364602	-0.166997163046986
0.0112837371758242	0.00346216894683219	0.000701472003173721	-0.00288631487996493	-0.00935162036945298	-0.00354390705985335	-0.0117635773064368	-0.0062419929305272	-0.0353494437213452	-0.0474917239319662	-0.0218915859127622	-0.0481926202664303	2.8341435112669	-0.0456764985539704	-0.0782229842555818
0.0106180401950797	0.000518083085825777	-0.0127240109009166	-0.0109313530057156	-0.025704341252287	-0.00859029094005115	-0.0266488728108042	-0.0135537812651535	-0.074559397283593	-0.0980718537167618	-0.0444841858395897	-0.0966948012364602	-0.0456764985539704	2.83862048315309	-0.152958826243804
0.00138173312848742	-0.00817225204017078	-0.0419066448571439	-0.026128963214417	-0.054182704106891	-0.0169229454440236	-0.0503204704145287	-0.024860446567107	-0.133892881021702	-0.173301153809176	-0.0776170048525971	-0.166997163046987	-0.0782229842555819	-0.152958826243804	2.74145891068921
5.55737942719387
1.84433667757653
2.12030842532321
0.773468081126768
9.13800410779568
7.06715217696931
5.57788966754876
3.13428989936591
1.66203562902151
6.22497259279895
9.87934734952495
1.70432023056883
2.57792250572013
3.96799318633144
0.73994769576938
15.4613679326841
6.0410965185727
9.14684462870992
3.26055796749175
22.7573509317246
16.994598167423
14.0586661733369
7.91766586412353
4.02627393303283
15.4398744483874
26.1150145853653
2.80656765216362
6.28694808743473
9.23181502175081
-2.22258701609791
2.23635247912499	0.208962771912356	0.0914129972527818	0.042316371119519	0.116336816220312	0.0976645914332917	0.0777281128846361	0.0604412561011791	0.00610085730426911	0.0231217408682752	0.00474884758501312	-0.0028478389919221	-0.00365471609068318	-0.0500489914802774	-0.0147785643489186
0.208962771912356	2.25409945334209	0.0787876470795872	0.0358117876710284	0.0960752486073324	0.077922592474489	0.0588603039562587	0.0418861322444087	0.00351369403797032	0.00683180330761568	-0.00608049322947721	-0.00769614026764497	-0.00585435955155522	-0.0680050260370147	-0.0185024159587309
0.0914129972527819	0.0787876470795871	2.17622392592416	0.0147999063339967	0.0383598054342027	0.029528840432358	0.0204125801041822	0.012072075904044	0.000519538085521713	-0.00437748388255907	-0.0082230887024131	-0.0061693206609101	-0.00398073892531025	-0.0426064968833596	-0.0110363507792778
0.042316371119519	0.0358117876710284	0.0147999063339967	2.22062784967149	0.0156016689620509	0.010990905090513	0.006314242586138	0.00191578632297465	-0.00035728785535939	-0.00635378309162193	-0.00707474853166353	-0.0045022884023351	-0.00267676456991444	-0.0272762427169278	-0.00683738070542682
0.116336816220312	0.0960752486073324	0.0383598054342027	0.015601668962051	2.32083788472747	0.0205635317296399	0.00606076243240744	-0.00796872464124945	-0.00313665656569523	-0.0330635365091718	-0.0312282654088193	-0.0183113632429632	-0.0103647726600993	-0.102209131933646	-0.0250268283960533
0.0976645914332916	0.077922592474489	0.0295288404323579	0.0109909050905129	0.0205635317296399	2.36331929606159	-0.00788866402193891	-0.0218913217030411	-0.00510761715623126	-0.0456689057269397	-0.0397438262684176	-0.0221873140458145	-0.0121534444827016	-0.117068539607747	-0.0281646667705911
0.0777281128846361	0.0588603039562587	0.0204125801041822	0.00631424258613803	0.00606076243240738	-0.00788866402193886	2.40730592197519	-0.0349794084151336	-0.0069227515977513	-0.0570336977457742	-0.0472544636977863	-0.0255289787250632	-0.0136596317858886	-0.12927903818686	-0.0306785262557663
0.060441256101179	0.0418861322444087	0.012072075904044	0.00191578632297467	-0.00796872464124946	-0.0218913217030412	-0.0349794084151337	2.45119446006109	-0.00889991630817885	-0.0698073163819737	-0.0559716100176176	-0.0295371985596114	-0.0155282728750732	-0.144962022014833	-0.0340243265601631
0.00610085730426911	0.00351369403797032	0.000519538085521713	-0.000357287855359386	-0.00313665656569524	-0.00510761715623126	-0.0069227515977513	-0.00889991630817884	2.56988344165058	-0.0117283125304255	-0.00918572178308099	-0.00476280818141035	-0.00246978362449321	-0.0228044136424982	-0.00530453475420785
0.0231217408682753	0.00683180330761563	-0.00437748388255911	-0.00635378309162189	-0.0330635365091719	-0.0456689057269396	-0.0570336977457742	-0.0698073163819736	-0.0117283125304255	2.55589764997526	-0.0669180159517726	-0.0342243196734862	-0.0175533316662199	-0.160624819017217	-0.037083685380131
0.00474884758501307	-0.00608049322947729	-0.00822308870241313	-0.00707474853166352	-0.0312282654088193	-0.0397438262684177	-0.0472544636977863	-0.0559716100176175	-0.00918572178308098	-0.0669180159517726	2.66349187062868	-0.0256940026610965	-0.0130601928279312	-0.118616342611798	-0.0272117262143919
-0.00284783899192212	-0.00769614026764497	-0.00616932066091012	-0.0045022884023351	-0.0183113632429632	-0.0221873140458145	-0.0255289787250632	-0.0295371985596114	-0.00476280818141036	-0.0342243196734862	-0.0256940026610965	2.77283340551498	-0.00649838163233138	-0.0586464164214481	-0.0133809554981631
-0.00365471609068318	-0.00585435955155521	-0.00398073892531025	-0.00267676456991443	-0.0103647726600993	-0.0121534444827016	-0.0136596317858885	-0.0155282728750732	-0.00246978362449322	-0.0175533316662199	-0.0130601928279311	-0.00649838163233138	2.85388519371981	-0.0292399456817242	-0.00664004031224674
-0.0500489914802774	-0.0680050260370149	-0.0426064968833596	-0.0272762427169278	-0.102209131933646	-0.117068539607747	-0.12927903818686	-0.144962022014833	-0.0228044136424982	-0.160624819017217	-0.118616342611798	-0.058646416421448	-0.0292399456817242	2.66735804826451	-0.0590736375209786
-0.0147785643489186	-0.0185024159587309	-0.0110363507792778	-0.00683738070542682	-0.0250268283960533	-0.0281646667705911	-0.0306785262557663	-0.034024326560163	-0.00530453475420785	-0.037083685380131	-0.0272117262143919	-0.0133809554981631	-0.00664004031224675	-0.0590736375209786	2.98668911935811
5.97490191872579
3.35311330705246
2.99225023333107
4.52592541569324
4.22645653220462
3.59606317972236
5.58319199869297
7.42545365701939
4.24334783625691
4.29355788576205
1.24872758719813
0.24434016050374
2.90185265130727
3.17520582899226
6.53690133966475
16.117658587584
10.2114434159326
7.61373338163671
10.4447396716334
10.3432316767652
8.49798097463452
12.9392339318029
17.2975486778287
10.6394782116409
9.00728773707685
1.3980011214537
-0.414964589568124
7.69699060855576
3.62036137739124
18.2525762009525
