4 0.0404303818897072 0.0496865328328968 3 3
8 0.00164375312461784 0.00161198975450794 3 1.3375
16 0.000477741725236847 0.00184224360681773 3 3
32 0.000113703968024126 0.000610337316161669 3 3
64 1.69297816365876e-05 0.000126465103498674 3.00000000000001 3.00000000000001
128 2.23186012338061e-06 2.0699045320427e-05 2.99999999999999 2.99999999999999
256 2.84032173780702e-07 2.97436137630669e-06 2.99999999999998 2.99999999999998
512 3.57476670487245e-08 3.98960938063908e-07 3.00000000000004 3.00000000000004
1024 4.48157910781788e-09 5.1665433264958e-08 3.00000000000009 3.00000000000009
2048 5.60677282379629e-10 6.57319843000437e-09 2.99999999999985 2.99999999999985
4096 6.94799773270915e-11 8.28446644618452e-10 2.99999999999964 2.99999999999964
8192 9.68602975603972e-12 1.04949382517816e-10 3.00000000000059 3.00000000000059
16384 3.78452824634223e-12 1.51842982631933e-11 3.00000000000146 3.00000000000146
32768 3.56914497956495e-12 2.36832775613038e-12 2.99994201659919 1.99978637695381
65536 1.06927799947698e-11 8.34754487755163e-12 2.99994201659574 2.99994201659574
131072 1.4782397528279e-11 1.39670497389943e-11 3.0000000000095 2.99997100831028
