1.1 0
1.159375 -7.55772064354732e-05
1.21875 -9.04449059501156e-05
1.278125 -0.000353468214020936
1.3375 -0.000423294153964138
1.396875 -0.000447018149777989
1.45625 -0.000456271185381052
1.515625 -0.000460586004900954
1.575 -0.000463363716323828
1.634375 -0.000465907690364364
1.69375 -0.000468724584361979
1.753125 -0.000471996449095791
1.8125 -0.000475768131259713
1.871875 -0.000480026585247373
1.93125 -0.00048473587831932
1.990625 -0.000489852951262915
2.05 -0.000495334660354452
2.109375 -0.000501140759739283
2.16875 -0.000507234972005222
2.228125 -0.000513585167065234
2.2875 -0.000520163143128194
2.346875 -0.000526944250371919
2.40625 -0.000533906973394949
2.465625 -0.00054103252642923
2.525 -0.000548304484196738
2.584375 -0.000555708455885373
2.64375 -0.000563231802273911
2.703125 -0.000570863392789445
2.7625 -0.000578593397955629
2.821875 -0.000586413112565243
2.88125 -0.000594314805129503
2.940625 -0.000602291589630877
3 -0.000610337316158116
