1.1 0
1.159375 -7.55772064354732e-05
1.21875 -9.04449059501156e-05
1.278125 -9.25874298591811e-05
1.3375 -9.18722744422951e-05
1.396875 -9.06892826877392e-05
1.45625 -8.96689165668096e-05
1.515625 -8.89586572512258e-05
1.575 -8.85640018850609e-05
1.634375 -8.84508252907423e-05
1.69375 -8.85778805568282e-05
1.753125 -8.89069018499278e-05
1.8125 -8.94051751174629e-05
1.871875 -9.00455889407681e-05
1.93125 -9.08059278428297e-05
1.990625 -9.16680300169226e-05
2.05 -9.26170160027162e-05
2.109375 -9.36406421399028e-05
2.16875 -9.47287784018869e-05
2.228125 -9.58729934499303e-05
2.2875 -9.70662268526823e-05
2.346875 -9.83025303198382e-05
2.40625 -9.95768629339366e-05
2.465625 -0.000100884928462719
2.525 -0.00010222304545815
2.584375 -0.000103588042977609
2.64375 -0.000104977176379695
2.703125 -0.00010638805896912
2.7625 -0.000107818606161381
2.821875 -0.000109266989646972
2.88125 -0.000110731599548775
2.940625 -0.000112211013012065
3 -0.000113703968020573
