1.1 0.713349248972831
1.159375 0.862895893325741
1.21875 0.991425093557761
1.278125 1.10840252614064
1.3375 1.21855003769979
1.396875 1.32398609089537
1.45625 1.42602257693983
1.515625 1.52551029741744
1.575 1.62302833337752
1.634375 1.71898683868469
1.69375 1.81368585352157
1.753125 1.90735077559202
1.8125 2.00015472969868
1.871875 2.09223321644284
1.93125 2.18369401659179
1.990625 2.27462407363514
2.05 2.36509439114306
2.109375 2.45516359035906
2.16875 2.54488054203594
2.228125 2.63428634512618
2.2875 2.72341583604575
2.346875 2.81229875491357
2.40625 2.9009606573626
2.465625 2.98942363506864
2.525 3.07770689069256
2.584375 3.1658272007635
2.64375 3.25379929141638
2.703125 3.34163614571192
2.7625 3.42934925676963
2.821875 3.51694883763408
2.88125 3.60444399633195
2.940625 3.69184288272613
3 3.77915281236846
