1.1 0.713349248972831
1.159375 0.862971470532176
1.21875 0.991515538463711
1.278125 1.10875599435466
1.3375 1.21897333185375
1.396875 1.32443310904515
1.45625 1.42647884812522
1.515625 1.52597088342234
1.575 1.62349169709384
1.634375 1.71945274637505
1.69375 1.81415457810593
1.753125 1.90782277204111
1.8125 2.00063049782994
1.871875 2.09271324302809
1.93125 2.18417875247011
1.990625 2.2751139265864
2.05 2.36558972580342
2.109375 2.45566473111879
2.16875 2.54538777700795
2.228125 2.63479993029324
2.2875 2.72393599918887
2.346875 2.81282569916395
2.40625 2.901494564336
2.465625 2.98996466759507
2.525 3.07825519517676
2.584375 3.16638290921939
2.64375 3.25436252321866
2.703125 3.34220700910471
2.7625 3.42992785016758
2.821875 3.51753525074664
2.88125 3.60503831113708
2.940625 3.69244517431576
3 3.77976314968462
