1.1 0.713349248972831
1.159375 0.862895893325741
1.21875 0.991425093557761
1.278125 1.1086634069248
1.3375 1.21888145957931
1.396875 1.32434241976246
1.45625 1.42638917920865
1.515625 1.52588192476509
1.575 1.62340313309196
1.634375 1.71936429554976
1.69375 1.81406600022537
1.753125 1.90773386513926
1.8125 2.00054109265482
1.871875 2.09262319743915
1.93125 2.18408794654227
1.990625 2.27502225855638
2.05 2.36549710878742
2.109375 2.45557109047665
2.16875 2.54529304822954
2.228125 2.63470405729979
2.2875 2.72383893296202
2.346875 2.81272739663363
2.40625 2.90139498747306
2.465625 2.98986378266661
2.525 3.0781529721313
2.584375 3.16627932117641
2.64375 3.25425754604228
2.703125 3.34210062104574
2.7625 3.42982003156142
2.821875 3.517425983757
2.88125 3.60492757953753
2.940625 3.69233296330274
3 3.7796494457166
