0 1
0.01 1.01301
0.02 1.02566
0.03 1.03794
0.04 1.04985
0.05 1.06139
0.06 1.07257
0.07 1.08338
0.08 1.09382
0.09 1.10389
0.1 1.1136
0.11 1.12294
0.12 1.13191
0.13 1.14051
0.14 1.14875
0.15 1.15662
0.16 1.16412
0.17 1.17126
0.18 1.17802
0.19 1.18442
0.2 1.19045
0.21 1.19612
0.22 1.20142
0.23 1.20635
0.24 1.21091
0.25 1.2151
0.26 1.21893
0.27 1.22239
0.28 1.22548
0.29 1.22821
0.3 1.23057
0.31 1.23256
0.32 1.23418
0.33 1.23544
0.34 1.23632
0.35 1.23685
0.36 1.237
0.37 1.23678
0.38 1.2362
0.39 1.23525
0.4 1.23394
0.41 1.23225
0.42 1.2302
0.43 1.22778
0.44 1.225
0.45 1.22184
0.46 1.21832
0.47 1.21443
0.48 1.21018
0.49 1.20556
0.5 1.20056
0.51 1.19521
0.52 1.18948
0.53 1.18339
0.54 1.17693
0.55 1.1701
0.56 1.1629
0.57 1.15534
0.58 1.14741
0.59 1.13911
0.6 1.13045
0.61 1.12142
0.62 1.11202
0.63 1.10225
0.64 1.09211
0.65 1.08161
0.66 1.07074
0.67 1.05951
0.68 1.0479
0.69 1.03593
0.7 1.02359
0.71 1.01088
0.72 0.997809
0.73 0.984368
0.74 0.970559
0.75 0.956382
0.76 0.941838
0.77 0.926927
0.78 0.911648
0.79 0.896002
0.8 0.879988
0.81 0.863607
0.82 0.846859
0.83 0.829743
0.84 0.81226
0.85 0.794409
0.86 0.776191
0.87 0.757605
0.88 0.738652
0.89 0.719332
0.9 0.699644
0.91 0.679589
0.92 0.659166
0.93 0.638376
0.94 0.617218
0.95 0.595693
0.96 0.573801
0.97 0.551541
0.98 0.528913
0.99 0.505919
1 0.482557
1.01 0.458827
1.02 0.43473
1.03 0.410265
1.04 0.385434
1.05 0.360234
1.06 0.334668
1.07 0.308733
1.08 0.282432
1.09 0.255763
1.1 0.228726
1.11 0.201322
1.12 0.173551
1.13 0.145412
1.14 0.116906
1.15 0.0880325
1.16 0.0587915
1.17 0.029183
1.18 -0.000792875
1.19 -0.0311362
1.2 -0.061847
1.21 -0.0927386
1.22 -0.123625
1.23 -0.154505
1.24 -0.18538
1.25 -0.21625
1.26 -0.247114
1.27 -0.277972
1.28 -0.308825
1.29 -0.339672
1.3 -0.370513
1.31 -0.401349
1.32 -0.43218
1.33 -0.463005
1.34 -0.493824
1.35 -0.524638
1.36 -0.555446
1.37 -0.586249
1.38 -0.617046
1.39 -0.647837
1.4 -0.678623
1.41 -0.709404
1.42 -0.740178
1.43 -0.770948
1.44 -0.801711
1.45 -0.832469
1.46 -0.863222
1.47 -0.893969
1.48 -0.92471
1.49 -0.955446
1.5 -0.986177
1.51 -1.0169
1.52 -1.04762
1.53 -1.07833
1.54 -1.10904
1.55 -1.13974
1.56 -1.17044
1.57 -1.20113
1.58 -1.23182
1.59 -1.2625
1.6 -1.29317
1.61 -1.32384
1.62 -1.35451
1.63 -1.38516
1.64 -1.41582
1.65 -1.44646
1.66 -1.4771
1.67 -1.50774
1.68 -1.53837
1.69 -1.56899
1.7 -1.59961
1.71 -1.63023
1.72 -1.66083
1.73 -1.69144
1.74 -1.72203
1.75 -1.75262
1.76 -1.78321
1.77 -1.81379
1.78 -1.84437
1.79 -1.87493
1.8 -1.9055
1.81 -1.9346
1.82 -1.96079
1.83 -1.98407
1.84 -2.00444
1.85 -2.02189
1.86 -2.03643
1.87 -2.04806
1.88 -2.05677
1.89 -2.06257
1.9 -2.06546
1.91 -2.06544
1.92 -2.0625
1.93 -2.05665
1.94 -2.04789
1.95 -2.03621
1.96 -2.02162
1.97 -2.00412
1.98 -1.98371
1.99 -1.96038
2 -1.93414
2.01 -1.90499
2.02 -1.87292
2.03 -1.83794
2.04 -1.80005
2.05 -1.75925
2.06 -1.71553
2.07 -1.6689
2.08 -1.61936
2.09 -1.5669
2.1 -1.51153
2.11 -1.45325
2.12 -1.39206
2.13 -1.32795
2.14 -1.26093
2.15 -1.191
2.16 -1.11815
2.17 -1.04239
2.18 -0.963723
2.19 -0.882139
2.2 -0.797642
2.21 -0.710232
2.22 -0.619909
2.23 -0.526674
2.24 -0.430526
2.25 -0.331464
2.26 -0.22949
2.27 -0.124604
2.28 -0.016804
2.29 0.0939085
2.3 0.207534
2.31 0.324072
2.32 0.443523
2.33 0.565887
2.34 0.691164
2.35 0.819353
2.36 0.950456
2.37 1.08447
2.38 1.2214
2.39 1.36124
2.4 1.50399
2.41 1.64806
2.42 1.79184
2.43 1.93534
2.44 2.07855
2.45 2.22147
2.46 2.3641
2.47 2.50646
2.48 2.64852
2.49 2.7903
2.5 2.93179
2.51 3.07299
2.52 3.21391
2.53 3.35455
2.54 3.49489
2.55 3.63496
2.56 3.77473
2.57 3.91422
2.58 4.05342
2.59 4.19234
2.6 4.33097
2.61 4.46931
2.62 4.60737
2.63 4.74514
2.64 4.88263
2.65 5.01983
2.66 5.15674
2.67 5.29337
2.68 5.42971
2.69 5.56576
2.7 5.70153
2.71 5.83702
2.72 5.97221
2.73 6.10712
2.74 6.24175
2.75 6.37608
2.76 6.51014
2.77 6.6439
2.78 6.77738
2.79 6.91057
2.8 7.04348
2.81 7.1761
2.82 7.30844
2.83 7.44049
2.84 7.57225
2.85 7.70372
2.86 7.83492
2.87 7.96582
2.88 8.09644
2.89 8.22677
2.9 8.35681
2.91 8.48657
2.92 8.61605
2.93 8.74523
2.94 8.87414
2.95 9.00275
2.96 9.13108
2.97 9.25912
2.98 9.38688
2.99 9.51435
3 9.64153
