0 1
0.01 1.00466
0.02 1.00914
0.03 1.01345
0.04 1.01757
0.05 1.02152
0.06 1.02529
0.07 1.02888
0.08 1.0323
0.09 1.03553
0.1 1.03859
0.11 1.04147
0.12 1.04417
0.13 1.04669
0.14 1.04903
0.15 1.0512
0.16 1.05319
0.17 1.05499
0.18 1.05663
0.19 1.05808
0.2 1.05935
0.21 1.06045
0.22 1.06137
0.23 1.06211
0.24 1.06267
0.25 1.06305
0.26 1.06326
0.27 1.06328
0.28 1.06313
0.29 1.0628
0.3 1.0623
0.31 1.06161
0.32 1.06075
0.33 1.0597
0.34 1.05848
0.35 1.05708
0.36 1.05551
0.37 1.05375
0.38 1.05182
0.39 1.04971
0.4 1.04741
0.41 1.04495
0.42 1.0423
0.43 1.03948
0.44 1.03647
0.45 1.03329
0.46 1.02993
0.47 1.02639
0.48 1.02268
0.49 1.01878
0.5 1.01471
0.51 1.01046
0.52 1.00603
0.53 1.00143
0.54 0.99664
0.55 0.991676
0.56 0.986535
0.57 0.981215
0.58 0.975717
0.59 0.97004
0.6 0.964186
0.61 0.958153
0.62 0.951942
0.63 0.945552
0.64 0.938985
0.65 0.932239
0.66 0.925315
0.67 0.918213
0.68 0.910932
0.69 0.903474
0.7 0.895837
0.71 0.888022
0.72 0.880028
0.73 0.871857
0.74 0.863507
0.75 0.854979
0.76 0.846272
0.77 0.837388
0.78 0.828325
0.79 0.819084
0.8 0.809665
0.81 0.800068
0.82 0.790292
0.83 0.780338
0.84 0.770206
0.85 0.759896
0.86 0.749407
0.87 0.73874
0.88 0.727895
0.89 0.716872
0.9 0.70567
0.91 0.694291
0.92 0.682733
0.93 0.670997
0.94 0.659082
0.95 0.64699
0.96 0.634719
0.97 0.62227
0.98 0.609642
0.99 0.596837
1 0.583853
1.01 0.570691
1.02 0.557351
1.03 0.543833
1.04 0.530136
1.05 0.516261
1.06 0.502208
1.07 0.487976
1.08 0.473567
1.09 0.458979
1.1 0.444213
1.11 0.429269
1.12 0.414146
1.13 0.398846
1.14 0.383367
1.15 0.367709
1.16 0.351874
1.17 0.33586
1.18 0.319669
1.19 0.303298
1.2 0.28675
1.21 0.270024
1.22 0.253119
1.23 0.236036
1.24 0.218775
1.25 0.201335
1.26 0.183717
1.27 0.165921
1.28 0.147947
1.29 0.129795
1.3 0.111464
1.31 0.0929555
1.32 0.0742685
1.33 0.0554032
1.34 0.0363597
1.35 0.0171379
1.36 -0.00226204
1.37 -0.0218402
1.38 -0.0415967
1.39 -0.0615313
1.4 -0.0816442
1.41 -0.101935
1.42 -0.122405
1.43 -0.143052
1.44 -0.163878
1.45 -0.184882
1.46 -0.206064
1.47 -0.227425
1.48 -0.248963
1.49 -0.27068
1.5 -0.292576
1.51 -0.314649
1.52 -0.336901
1.53 -0.35933
1.54 -0.381938
1.55 -0.404725
1.56 -0.427689
1.57 -0.450832
1.58 -0.474153
1.59 -0.497652
1.6 -0.52133
1.61 -0.545185
1.62 -0.569219
1.63 -0.593431
1.64 -0.617822
1.65 -0.64239
1.66 -0.667137
1.67 -0.692062
1.68 -0.717165
1.69 -0.742447
1.7 -0.767907
1.71 -0.793545
1.72 -0.819361
1.73 -0.845355
1.74 -0.871528
1.75 -0.897879
1.76 -0.924408
1.77 -0.951115
1.78 -0.978001
1.79 -1.00506
1.8 -1.03231
1.81 -1.05973
1.82 -1.08733
1.83 -1.1151
1.84 -1.14306
1.85 -1.17119
1.86 -1.1995
1.87 -1.22799
1.88 -1.25666
1.89 -1.2855
1.9 -1.31453
1.91 -1.34373
1.92 -1.37311
1.93 -1.40267
1.94 -1.43241
1.95 -1.46232
1.96 -1.49242
1.97 -1.52269
1.98 -1.55314
1.99 -1.58377
2 -1.61457
2.01 -1.64404
2.02 -1.67063
2.03 -1.69435
2.04 -1.7152
2.05 -1.73319
2.06 -1.7483
2.07 -1.76055
2.08 -1.76993
2.09 -1.77644
2.1 -1.78007
2.11 -1.78084
2.12 -1.77874
2.13 -1.77378
2.14 -1.76594
2.15 -1.75523
2.16 -1.74166
2.17 -1.72521
2.18 -1.7059
2.19 -1.68371
2.2 -1.65866
2.21 -1.63074
2.22 -1.59995
2.23 -1.56629
2.24 -1.52976
2.25 -1.49036
2.26 -1.44809
2.27 -1.40296
2.28 -1.35495
2.29 -1.30408
2.3 -1.25033
2.31 -1.19372
2.32 -1.13424
2.33 -1.07189
2.34 -1.00667
2.35 -0.938578
2.36 -0.867619
2.37 -0.793792
2.38 -0.717095
2.39 -0.637529
2.4 -0.555094
2.41 -0.469789
2.42 -0.381616
2.43 -0.290573
2.44 -0.196662
2.45 -0.0998809
2.46 -0.000230933
2.47 0.102288
2.48 0.207676
2.49 0.315934
2.5 0.42706
2.51 0.541056
2.52 0.657921
2.53 0.777655
2.54 0.900258
2.55 1.02573
2.56 1.15407
2.57 1.28528
2.58 1.41936
2.59 1.55631
2.6 1.69613
2.61 1.83881
2.62 1.98437
2.63 2.1328
2.64 2.28409
2.65 2.43825
2.66 2.59529
2.67 2.75519
2.68 2.91796
2.69 3.0836
2.7 3.25211
2.71 3.42349
2.72 3.59773
2.73 3.77485
2.74 3.95484
2.75 4.13769
2.76 4.32342
2.77 4.51201
2.78 4.70347
2.79 4.8978
2.8 5.095
2.81 5.29507
2.82 5.49801
2.83 5.70382
2.84 5.9125
2.85 6.12404
2.86 6.33846
2.87 6.55574
2.88 6.7759
2.89 6.99892
2.9 7.22481
2.91 7.45357
2.92 7.6852
2.93 7.9197
2.94 8.15707
2.95 8.39731
2.96 8.64041
2.97 8.88639
2.98 9.13524
2.99 9.38695
3 9.64153
