0 1
0.01 1.00674
0.02 1.0133
0.03 1.01966
0.04 1.02584
0.05 1.03183
0.06 1.03763
0.07 1.04325
0.08 1.04867
0.09 1.05391
0.1 1.05896
0.11 1.06382
0.12 1.06849
0.13 1.07298
0.14 1.07728
0.15 1.08138
0.16 1.08531
0.17 1.08904
0.18 1.09258
0.19 1.09594
0.2 1.09911
0.21 1.10209
0.22 1.10488
0.23 1.10748
0.24 1.1099
0.25 1.11213
0.26 1.11417
0.27 1.11602
0.28 1.11768
0.29 1.11916
0.3 1.12044
0.31 1.12154
0.32 1.12245
0.33 1.12318
0.34 1.12371
0.35 1.12406
0.36 1.12421
0.37 1.12418
0.38 1.12397
0.39 1.12356
0.4 1.12297
0.41 1.12218
0.42 1.12121
0.43 1.12006
0.44 1.11871
0.45 1.11717
0.46 1.11545
0.47 1.11354
0.48 1.11144
0.49 1.10915
0.5 1.10668
0.51 1.10402
0.52 1.10116
0.53 1.09812
0.54 1.0949
0.55 1.09148
0.56 1.08788
0.57 1.08408
0.58 1.0801
0.59 1.07594
0.6 1.07158
0.61 1.06703
0.62 1.0623
0.63 1.05738
0.64 1.05227
0.65 1.04697
0.66 1.04149
0.67 1.03582
0.68 1.02995
0.69 1.0239
0.7 1.01767
0.71 1.01124
0.72 1.00463
0.73 0.997825
0.74 0.990835
0.75 0.983657
0.76 0.97629
0.77 0.968736
0.78 0.960993
0.79 0.953062
0.8 0.944943
0.81 0.936636
0.82 0.928141
0.83 0.919458
0.84 0.910586
0.85 0.901527
0.86 0.892247
0.87 0.882199
0.88 0.871184
0.89 0.859201
0.9 0.846251
0.91 0.832333
0.92 0.817448
0.93 0.801595
0.94 0.784775
0.95 0.766988
0.96 0.748233
0.97 0.72851
0.98 0.707821
0.99 0.686163
1 0.663539
1.01 0.639947
1.02 0.615387
1.03 0.58986
1.04 0.563366
1.05 0.535904
1.06 0.507475
1.07 0.478078
1.08 0.447714
1.09 0.416383
1.1 0.384084
1.11 0.350818
1.12 0.316584
1.13 0.281383
1.14 0.245214
1.15 0.208078
1.16 0.169975
1.17 0.130904
1.18 0.0908656
1.19 0.0498599
1.2 0.00788673
1.21 -0.0350539
1.22 -0.0789619
1.23 -0.123837
1.24 -0.16968
1.25 -0.21649
1.26 -0.264268
1.27 -0.313013
1.28 -0.362726
1.29 -0.413242
1.3 -0.463235
1.31 -0.512414
1.32 -0.560778
1.33 -0.608327
1.34 -0.655062
1.35 -0.700983
1.36 -0.746089
1.37 -0.790381
1.38 -0.833859
1.39 -0.876522
1.4 -0.91837
1.41 -0.959405
1.42 -0.999624
1.43 -1.03903
1.44 -1.07762
1.45 -1.1154
1.46 -1.15236
1.47 -1.18851
1.48 -1.22384
1.49 -1.25836
1.5 -1.29206
1.51 -1.32495
1.52 -1.35703
1.53 -1.38829
1.54 -1.41874
1.55 -1.44837
1.56 -1.47719
1.57 -1.50519
1.58 -1.53238
1.59 -1.55875
1.6 -1.58431
1.61 -1.60906
1.62 -1.63299
1.63 -1.65611
1.64 -1.67841
1.65 -1.6999
1.66 -1.72057
1.67 -1.74043
1.68 -1.75948
1.69 -1.77771
1.7 -1.79512
1.71 -1.81172
1.72 -1.82736
1.73 -1.84134
1.74 -1.85358
1.75 -1.86409
1.76 -1.87285
1.77 -1.87988
1.78 -1.88516
1.79 -1.88871
1.8 -1.89051
1.81 -1.89058
1.82 -1.88891
1.83 -1.88549
1.84 -1.88034
1.85 -1.87345
1.86 -1.86482
1.87 -1.85445
1.88 -1.84235
1.89 -1.8285
1.9 -1.81291
1.91 -1.79558
1.92 -1.77652
1.93 -1.75571
1.94 -1.73317
1.95 -1.70888
1.96 -1.68286
1.97 -1.6551
1.98 -1.6256
1.99 -1.59435
2 -1.56137
2.01 -1.52665
2.02 -1.49019
2.03 -1.452
2.04 -1.41206
2.05 -1.37038
2.06 -1.32696
2.07 -1.28181
2.08 -1.23491
2.09 -1.18628
2.1 -1.1359
2.11 -1.08379
2.12 -1.02994
2.13 -0.974344
2.14 -0.917013
2.15 -0.85779
2.16 -0.796257
2.17 -0.73239
2.18 -0.666188
2.19 -0.597651
2.2 -0.52678
2.21 -0.453575
2.22 -0.378035
2.23 -0.30016
2.24 -0.219951
2.25 -0.137407
2.26 -0.0525293
2.27 0.0346833
2.28 0.12423
2.29 0.216112
2.3 0.310328
2.31 0.406879
2.32 0.505764
2.33 0.606984
2.34 0.710538
2.35 0.816427
2.36 0.92465
2.37 1.03521
2.38 1.1481
2.39 1.26333
2.4 1.38089
2.41 1.50078
2.42 1.62301
2.43 1.74758
2.44 1.87448
2.45 2.00371
2.46 2.13528
2.47 2.26918
2.48 2.40542
2.49 2.54399
2.5 2.6849
2.51 2.82814
2.52 2.97372
2.53 3.12163
2.54 3.27187
2.55 3.42445
2.56 3.57936
2.57 3.73661
2.58 3.89497
2.59 4.05235
2.6 4.20874
2.61 4.36412
2.62 4.5185
2.63 4.67187
2.64 4.82424
2.65 4.97561
2.66 5.12598
2.67 5.27534
2.68 5.4237
2.69 5.57106
2.7 5.71741
2.71 5.86276
2.72 6.0071
2.73 6.15045
2.74 6.29279
2.75 6.43413
2.76 6.57446
2.77 6.71379
2.78 6.85212
2.79 6.98944
2.8 7.12576
2.81 7.26108
2.82 7.3954
2.83 7.52871
2.84 7.66102
2.85 7.79232
2.86 7.92263
2.87 8.05193
2.88 8.18022
2.89 8.30752
2.9 8.43381
2.91 8.55909
2.92 8.68338
2.93 8.80666
2.94 8.92893
2.95 9.05021
2.96 9.17048
2.97 9.28975
2.98 9.40801
2.99 9.52527
3 9.64153
