3 2.47249
4 0.836091
5 0.349683
6 0.209129
7 0.123106
8 0.0776914
9 0.0524211
10 0.0358152
11 0.0263162
12 0.0191109
13 0.0148617
14 0.0112498
15 0.00909955
16 0.0071654
17 0.00597611
18 0.0048161
19 0.00412743
20 0.00337881
21 0.00295777
22 0.00245186
23 0.00217561
24 0.00185566
25 0.00166317
26 0.00142214
27 0.00128759
28 0.00112172
29 0.00102005
30 0.000878115
31 0.000824117
32 0.000733
33 0.000671177
34 0.000598059
35 0.000539082
36 0.000497019
37 0.000465484
38 0.000418503
39 0.000392421
40 0.000355407
41 0.00033498
42 0.000308945
43 0.000277059
44 0.000264092
45 0.000247971
46 0.000216579
47 0.000216796
48 0.000202511
49 0.000184371
50 0.000167284
51 0.000165266
52 0.000156159
53 0.000147957
54 0.000137965
55 0.000129174
56 0.000124592
57 0.000117863
58 0.000109562
59 0.000105799
60 9.96011e-05
61 9.51509e-05
62 8.86115e-05
63 8.43187e-05
64 8.04879e-05
65 7.71887e-05
66 7.43048e-05
67 6.1105e-05
68 6.67023e-05
69 6.47601e-05
70 6.0839e-05
71 5.7645e-05
72 5.55523e-05
73 5.42283e-05
74 5.22865e-05
75 4.94878e-05
76 4.8114e-05
77 4.6078e-05
78 4.308e-05
79 4.24745e-05
80 3.94731e-05
81 3.92436e-05
82 3.72325e-05
83 3.64059e-05
84 3.50631e-05
85 3.23503e-05
86 3.10746e-05
87 3.11199e-05
88 3.03756e-05
89 2.87334e-05
90 2.82996e-05
91 2.73254e-05
92 2.49229e-05
93 2.56742e-05
94 2.45877e-05
95 2.3335e-05
96 2.31639e-05
97 2.25493e-05
98 2.15994e-05
99 1.99678e-05
100 1.67736e-05
