0.1 1.22140275875835
0.10087890625 1.2235516439099
0.1017578125 1.2257043097205
0.10263671875 1.22786076284168
0.103515625 1.23002100993668
0.10439453125 1.23218505768047
0.1052734375 1.23435291275973
0.10615234375 1.23652458187295
0.10703125 1.23870007173037
0.10791015625 1.24087938905405
0.1087890625 1.24306254057788
0.10966796875 1.24524953304759
0.110546875 1.24744037322077
0.11142578125 1.24963506786693
0.1123046875 1.25183362376744
0.11318359375 1.25403604771566
0.1140625 1.25624234651686
0.11494140625 1.25845252698829
0.1158203125 1.2606665959592
0.11669921875 1.26288456027086
0.117578125 1.26510642677657
0.11845703125 1.26733220234168
0.1193359375 1.26956189384363
0.12021484375 1.27179550817197
0.12109375 1.27403305222833
0.12197265625 1.27627453292654
0.1228515625 1.27851995719254
0.12373046875 1.28076933196448
0.124609375 1.28302266419274
0.12548828125 1.28527996083987
0.1263671875 1.28754122888073
0.12724609375 1.28980647530242
0.128125 1.29207570710433
0.12900390625 1.29434893129817
0.1298828125 1.29662615490799
0.13076171875 1.29890738497021
0.131640625 1.3011926285336
0.13251953125 1.30348189265935
0.1333984375 1.30577518442107
0.13427734375 1.30807251090482
0.13515625 1.31037387920912
0.13603515625 1.31267929644497
0.1369140625 1.31498876973591
0.13779296875 1.31730230621798
0.138671875 1.31961991303979
0.13955078125 1.32194159736254
0.1404296875 1.32426736636
0.14130859375 1.32659722721859
0.1421875 1.32893118713734
0.14306640625 1.33126925332799
0.1439453125 1.33361143301493
0.14482421875 1.33595773343527
0.145703125 1.33830816183887
0.14658203125 1.34066272548832
0.1474609375 1.343021431659
0.14833984375 1.3453842876391
0.14921875 1.34775130072962
0.15009765625 1.35012247824439
0.1509765625 1.35249782751015
0.15185546875 1.35487735586648
0.152734375 1.35726107066592
0.15361328125 1.35964897927391
0.1544921875 1.36204108906886
0.15537109375 1.36443740744218
0.15625 1.36683794179825
0.15712890625 1.3692426995545
0.1580078125 1.37165168814141
0.15888671875 1.37406491500252
0.159765625 1.37648238759447
0.16064453125 1.37890411338704
0.1615234375 1.38133009986311
0.16240234375 1.38376035451877
0.16328125 1.38619488486326
0.16416015625 1.38863369841907
0.1650390625 1.39107680272188
0.16591796875 1.39352420532067
0.166796875 1.39597591377767
0.16767578125 1.39843193566843
0.1685546875 1.40089227858184
0.16943359375 1.40335695012011
0.1703125 1.40582595789885
0.17119140625 1.40829930954706
0.1720703125 1.41077701270716
0.17294921875 1.41325907503503
0.173828125 1.41574550419999
0.17470703125 1.41823630788488
0.1755859375 1.42073149378606
0.17646484375 1.4232310696134
0.17734375 1.42573504309036
0.17822265625 1.42824342195399
0.1791015625 1.43075621395493
0.17998046875 1.43327342685748
0.180859375 1.43579506843959
0.18173828125 1.43832114649289
0.1826171875 1.44085166882272
0.18349609375 1.44338664324816
0.184375 1.44592607760204
0.18525390625 1.44846997973098
0.1861328125 1.45101835749538
0.18701171875 1.45357121876951
0.187890625 1.45612857144145
0.18876953125 1.45869042341319
0.1896484375 1.4612567826006
0.19052734375 1.4638276569335
0.19140625 1.46640305435564
0.19228515625 1.46898298282476
0.1931640625 1.47156745031259
0.19404296875 1.4741564648049
0.194921875 1.47675003430149
0.19580078125 1.47934816681625
0.1966796875 1.48195087037716
0.19755859375 1.48455815302633
0.1984375 1.48717002282003
0.19931640625 1.48978648782867
0.2001953125 1.49240755613689
0.20107421875 1.49503323584354
0.201953125 1.49766353506173
0.20283203125 1.50029846191884
0.2037109375 1.50293802455653
0.20458984375 1.5055822311308
0.20546875 1.50823108981201
0.20634765625 1.51088460878488
0.2072265625 1.51354279624853
0.20810546875 1.51620566041651
0.208984375 1.51887320951682
0.20986328125 1.52154545179193
0.2107421875 1.52422239549882
0.21162109375 1.52690404890899
0.2125 1.5295904203085
0.21337890625 1.53228151799798
0.2142578125 1.53497735029268
0.21513671875 1.53767792552245
0.216015625 1.54038325203182
0.21689453125 1.54309333818
0.2177734375 1.54580819234089
0.21865234375 1.54852782290313
0.21953125 1.55125223827014
0.22041015625 1.55398144686009
0.2212890625 1.55671545710598
0.22216796875 1.55945427745565
0.223046875 1.56219791637178
0.22392578125 1.56494638233198
0.2248046875 1.56769968382873
0.22568359375 1.57045782936948
0.2265625 1.57322082747664
0.22744140625 1.57598868668761
0.2283203125 1.57876141555481
0.22919921875 1.58153902264572
0.230078125 1.58432151654288
0.23095703125 1.58710890584393
0.2318359375 1.58990119916164
0.23271484375 1.59269840512394
0.23359375 1.59550053237392
0.23447265625 1.5983075895699
0.2353515625 1.60111958538542
0.23623046875 1.60393652850928
0.237109375 1.60675842764556
0.23798828125 1.60958529151367
0.2388671875 1.61241712884836
0.23974609375 1.61525394839972
0.240625 1.61809575893327
0.24150390625 1.62094256922994
0.2423828125 1.62379438808609
0.24326171875 1.62665122431358
0.244140625 1.62951308673976
0.24501953125 1.63237998420752
0.2458984375 1.6352519255753
0.24677734375 1.63812891971712
0.24765625 1.64101097552264
0.24853515625 1.64389810189712
0.2494140625 1.64679030776151
0.25029296875 1.64968760205247
0.251171875 1.65258999372235
0.25205078125 1.65549749173927
0.2529296875 1.65841010508713
0.25380859375 1.66132784276562
0.2546875 1.66425071379028
0.25556640625 1.66717872719251
0.2564453125 1.67011189201959
0.25732421875 1.67305021733471
0.258203125 1.67599371221704
0.25908203125 1.67894238576169
0.2599609375 1.68189624707979
0.26083984375 1.68485530529848
0.26171875 1.68781956956097
0.26259765625 1.69078904902657
0.2634765625 1.69376375287069
0.26435546875 1.69674369028488
0.265234375 1.69972887047686
0.26611328125 1.70271930267055
0.2669921875 1.70571499610612
0.26787109375 1.70871596003998
0.26875 1.71172220374481
0.26962890625 1.71473373650962
0.2705078125 1.71775056763978
0.27138671875 1.720772706457
0.272265625 1.7238001622994
0.27314453125 1.72683294452154
0.2740234375 1.72987106249443
0.27490234375 1.73291452560557
0.27578125 1.73596334325896
0.27666015625 1.73901752487518
0.2775390625 1.74207707989134
0.27841796875 1.7451420177612
0.279296875 1.74821234795511
0.28017578125 1.75128807996011
0.2810546875 1.75436922327991
0.28193359375 1.75745578743497
0.2828125 1.76054778196246
0.28369140625 1.76364521641638
0.2845703125 1.76674810036748
0.28544921875 1.76985644340339
0.286328125 1.77297025512861
0.28720703125 1.7760895451645
0.2880859375 1.77921432314939
0.28896484375 1.78234459873855
0.28984375 1.78548038160422
0.29072265625 1.78862168143568
0.2916015625 1.79176850793926
0.29248046875 1.79492087083834
0.293359375 1.79807877987344
0.29423828125 1.80124224480219
0.2951171875 1.8044112753994
0.29599609375 1.80758588145708
0.296875 1.81076607278445
0.29775390625 1.81395185920802
0.2986328125 1.81714325057155
0.29951171875 1.82034025673616
0.300390625 1.82354288758027
0.30126953125 1.82675115299973
0.3021484375 1.82996506290777
0.30302734375 1.83318462723506
0.30390625 1.83640985592977
0.30478515625 1.83964075895753
0.3056640625 1.84287734630153
0.30654296875 1.84611962796253
0.307421875 1.84936761395886
0.30830078125 1.85262131432651
0.3091796875 1.85588073911908
0.31005859375 1.85914589840791
0.3109375 1.86241680228202
0.31181640625 1.8656934608482
0.3126953125 1.86897588423101
0.31357421875 1.87226408257283
0.314453125 1.87555806603389
0.31533203125 1.87885784479228
0.3162109375 1.882163429044
0.31708984375 1.885474829003
0.31796875 1.8887920549012
0.31884765625 1.8921151169885
0.3197265625 1.89544402553286
0.32060546875 1.89877879082029
0.321484375 1.9021194231549
0.32236328125 1.90546593285893
0.3232421875 1.90881833027277
0.32412109375 1.91217662575502
0.325 1.91554082968249
0.32587890625 1.91891095245026
0.3267578125 1.92228700447169
0.32763671875 1.92566899617845
0.328515625 1.92905693802059
0.32939453125 1.93245084046653
0.3302734375 1.93585071400309
0.33115234375 1.93925656913558
0.33203125 1.94266841638776
0.33291015625 1.94608626630192
0.3337890625 1.94951012943889
0.33466796875 1.95294001637809
0.335546875 1.95637593771753
0.33642578125 1.9598179040739
0.3373046875 1.96326592608255
0.33818359375 1.96672001439753
0.3390625 1.97018017969166
0.33994140625 1.97364643265652
0.3408203125 1.9771187840025
0.34169921875 1.98059724445884
0.342578125 1.98408182477366
0.34345703125 1.98757253571397
0.3443359375 1.99106938806576
0.34521484375 1.99457239263395
0.34609375 1.9980815602425
0.34697265625 2.00159690173442
0.3478515625 2.00511842797177
0.34873046875 2.00864614983574
0.349609375 2.01218007822665
0.35048828125 2.01572022406401
0.3513671875 2.01926659828654
0.35224609375 2.02281921185219
0.353125 2.02637807573821
0.35400390625 2.02994320094116
0.3548828125 2.03351459847692
0.35576171875 2.03709227938079
0.356640625 2.04067625470745
0.35751953125 2.04426653553106
0.3583984375 2.04786313294525
0.35927734375 2.05146605806315
0.36015625 2.05507532201747
0.36103515625 2.0586909359605
0.3619140625 2.06231291106413
0.36279296875 2.06594125851993
0.363671875 2.06957598953915
0.36455078125 2.07321711535277
0.3654296875 2.07686464721152
0.36630859375 2.08051859638593
0.3671875 2.08417897416635
0.36806640625 2.08784579186302
0.3689453125 2.09151906080605
0.36982421875 2.09519879234549
0.370703125 2.09888499785137
0.37158203125 2.10257768871372
0.3724609375 2.10627687634259
0.37333984375 2.10998257216814
0.37421875 2.1136947876406
0.37509765625 2.11741353423039
0.3759765625 2.12113882342806
0.37685546875 2.12487066674442
0.377734375 2.12860907571051
0.37861328125 2.13235406187766
0.3794921875 2.13610563681752
0.38037109375 2.1398638121221
0.38125 2.14362859940382
0.38212890625 2.1474000102955
0.3830078125 2.15117805645046
0.38388671875 2.15496274954249
0.384765625 2.15875410126595
0.38564453125 2.16255212333574
0.3865234375 2.16635682748741
0.38740234375 2.17016822547713
0.38828125 2.17398632908175
0.38916015625 2.17781115009886
0.3900390625 2.18164270034679
0.39091796875 2.18548099166468
0.391796875 2.18932603591247
0.39267578125 2.193177844971
0.3935546875 2.19703643074198
0.39443359375 2.20090180514809
0.3953125 2.20477398013297
0.39619140625 2.20865296766126
0.3970703125 2.21253877971869
0.39794921875 2.21643142831203
0.398828125 2.22033092546921
0.39970703125 2.22423728323931
0.4005859375 2.22815051369259
0.40146484375 2.23207062892058
0.40234375 2.23599764103606
0.40322265625 2.23993156217312
0.4041015625 2.24387240448721
0.40498046875 2.24782018015517
0.405859375 2.25177490137524
0.40673828125 2.25573658036714
0.4076171875 2.25970522937208
0.40849609375 2.26368086065282
0.409375 2.26766348649368
0.41025390625 2.2716531192006
0.4111328125 2.27564977110117
0.41201171875 2.27965345454466
0.412890625 2.28366418190208
0.41376953125 2.28768196556619
0.4146484375 2.29170681795157
0.41552734375 2.29573875149464
0.41640625 2.29977777865368
0.41728515625 2.30382391190891
0.4181640625 2.3078771637625
0.41904296875 2.31193754673861
0.419921875 2.31600507338345
0.42080078125 2.32007975626528
0.4216796875 2.3241616079745
0.42255859375 2.32825064112364
0.4234375 2.33234686834742
0.42431640625 2.3364503023028
0.4251953125 2.34056095566901
0.42607421875 2.34467884114757
0.426953125 2.34880397146237
0.42783203125 2.35293635935966
0.4287109375 2.35707601760813
0.42958984375 2.36122295899894
0.43046875 2.36537719634575
0.43134765625 2.36953874248475
0.4322265625 2.37370761027474
0.43310546875 2.37788381259711
0.433984375 2.38206736235594
0.43486328125 2.386258272478
0.4357421875 2.39045655591281
0.43662109375 2.39466222563267
0.4375 2.39887529463271
0.43837890625 2.40309577593089
0.4392578125 2.40732368256813
0.44013671875 2.41155902760824
0.441015625 2.41580182413805
0.44189453125 2.42005208526739
0.4427734375 2.42430982412916
0.44365234375 2.4285750538794
0.44453125 2.43284778769724
0.44541015625 2.43712803878503
0.4462890625 2.44141582036834
0.44716796875 2.44571114569602
0.448046875 2.45001402804022
0.44892578125 2.45432448069643
0.4498046875 2.45864251698354
0.45068359375 2.46296815024389
0.4515625 2.46730139384326
0.45244140625 2.47164226117098
0.4533203125 2.47599076563991
0.45419921875 2.48034692068652
0.455078125 2.48471073977092
0.45595703125 2.48908223637689
0.4568359375 2.49346142401196
0.45771484375 2.49784831620739
0.45859375 2.50224292651827
0.45947265625 2.50664526852352
0.4603515625 2.51105535582598
0.46123046875 2.51547320205239
0.462109375 2.51989882085349
0.46298828125 2.524332225904
0.4638671875 2.52877343090275
0.46474609375 2.53322244957263
0.465625 2.53767929566069
0.46650390625 2.54214398293816
0.4673828125 2.54661652520051
0.46826171875 2.55109693626747
0.469140625 2.55558522998309
0.47001953125 2.56008142021576
0.4708984375 2.5645855208583
0.47177734375 2.56909754582795
0.47265625 2.57361750906644
0.47353515625 2.57814542454003
0.4744140625 2.58268130623955
0.47529296875 2.58722516818045
0.476171875 2.59177702440283
0.47705078125 2.59633688897149
0.4779296875 2.600904775976
0.47880859375 2.60548069953068
0.4796875 2.61006467377472
0.48056640625 2.61465671287215
0.4814453125 2.61925683101195
0.48232421875 2.62386504240804
0.483203125 2.62848136129937
0.48408203125 2.63310580194992
0.4849609375 2.63773837864878
0.48583984375 2.64237910571017
0.48671875 2.6470279974735
0.48759765625 2.65168506830341
0.4884765625 2.6563503325898
0.48935546875 2.66102380474791
0.490234375 2.66570549921832
0.49111328125 2.67039543046703
0.4919921875 2.67509361298547
0.49287109375 2.6798000612906
0.49375 2.68451478992488
0.49462890625 2.6892378134564
0.4955078125 2.69396914647883
0.49638671875 2.69870880361156
0.497265625 2.70345679949969
0.49814453125 2.70821314881405
0.4990234375 2.71297786625134
0.49990234375 2.71775096653407
0.50078125 2.72253246441068
0.50166015625 2.72732237465554
0.5025390625 2.73212071206902
0.50341796875 2.73692749147753
0.504296875 2.74174272773357
0.50517578125 2.74656643571576
0.5060546875 2.75139863032891
0.50693359375 2.75623932650403
0.5078125 2.76108853919842
0.50869140625 2.7659462833957
0.5095703125 2.77081257410583
0.51044921875 2.77568742636519
0.511328125 2.78057085523662
0.51220703125 2.78546287580944
0.5130859375 2.79036350319955
0.51396484375 2.79527275254942
0.51484375 2.80019063902815
0.51572265625 2.80511717783157
0.5166015625 2.8100523841822
0.51748046875 2.81499627332938
0.518359375 2.81994886054924
0.51923828125 2.82491016114483
0.5201171875 2.82988019044608
0.52099609375 2.83485896380992
0.521875 2.83984649662029
0.52275390625 2.84484280428819
0.5236328125 2.84984790225175
0.52451171875 2.85486180597624
0.525390625 2.85988453095415
0.52626953125 2.86491609270523
0.5271484375 2.86995650677653
0.52802734375 2.87500578874245
0.52890625 2.8800639542048
0.52978515625 2.88513101879283
0.5306640625 2.8902069981633
0.53154296875 2.89529190800049
0.532421875 2.9003857640163
0.53330078125 2.90548858195027
0.5341796875 2.91060037756961
0.53505859375 2.91572116666931
0.5359375 2.9208509650721
0.53681640625 2.92598978862858
0.5376953125 2.93113765321724
0.53857421875 2.93629457474449
0.539453125 2.94146056914473
0.54033203125 2.94663565238039
0.5412109375 2.95181984044199
0.54208984375 2.95701314934819
0.54296875 2.96221559514582
0.54384765625 2.96742719390994
0.5447265625 2.9726479617439
0.54560546875 2.97787791477939
0.546484375 2.98311706917646
0.54736328125 2.98836544112361
0.5482421875 2.9936230468378
0.54912109375 2.99888990256455
0.55 3.00416602457794
0.55087890625 3.0094514291807
0.5517578125 3.01474613270421
0.55263671875 3.02005015150862
0.553515625 3.02536350198285
0.55439453125 3.03068620054463
0.5552734375 3.03601826364062
0.55615234375 3.04135970774638
0.55703125 3.04671054936647
0.55791015625 3.05207080503449
0.5587890625 3.05744049131312
0.55966796875 3.06281962479417
0.560546875 3.06820822209868
0.56142578125 3.07360629987689
0.5623046875 3.07901387480835
0.56318359375 3.08443096360197
0.5640625 3.08985758299602
0.56494140625 3.09529374975827
0.5658203125 3.10073948068594
0.56669921875 3.10619479260583
0.567578125 3.11165970237434
0.56845703125 3.11713422687753
0.5693359375 3.12261838303116
0.57021484375 3.12811218778075
0.57109375 3.13361565810164
0.57197265625 3.13912881099904
0.5728515625 3.14465166350807
0.57373046875 3.15018423269382
0.574609375 3.1557265356514
0.57548828125 3.16127858950602
0.5763671875 3.16684041141298
0.57724609375 3.17241201855781
0.578125 3.17799342815622
0.57900390625 3.18358465745427
0.5798828125 3.18918572372831
0.58076171875 3.19479664428511
0.581640625 3.20041743646188
0.58251953125 3.20604811762635
0.5833984375 3.21168870517679
0.58427734375 3.21733921654208
0.58515625 3.22299966918176
0.58603515625 3.2286700805861
0.5869140625 3.23435046827614
0.58779296875 3.24004084980374
0.588671875 3.24574124275163
0.58955078125 3.25145166473351
0.5904296875 3.25717213339402
0.59130859375 3.26290266640888
0.5921875 3.26864328148489
0.59306640625 3.27439399636002
0.5939453125 3.28015482880342
0.59482421875 3.28592579661553
0.595703125 3.2917069176281
0.59658203125 3.29749820970423
0.5974609375 3.30329969073849
0.59833984375 3.30911137865688
0.59921875 3.31493329141699
0.60009765625 3.32076544700797
0.6009765625 3.32660786345064
0.60185546875 3.3324605587975
0.602734375 3.33832355113284
0.60361328125 3.34419685857274
0.6044921875 3.35008049926517
0.60537109375 3.35597449139003
0.60625 3.3618788531592
0.60712890625 3.3677936028166
0.6080078125 3.37371875863823
0.60888671875 3.37965433893228
0.609765625 3.38560036203913
0.61064453125 3.39155684633143
0.6115234375 3.39752381021415
0.61240234375 3.40350127212466
0.61328125 3.40948925053272
0.61416015625 3.41548776394065
0.6150390625 3.42149683088328
0.61591796875 3.42751646992805
0.616796875 3.43354669967509
0.61767578125 3.43958753875724
0.6185546875 3.44563900584011
0.61943359375 3.45170111962217
0.6203125 3.45777389883478
0.62119140625 3.46385736224225
0.6220703125 3.46995152864191
0.62294921875 3.47605641686416
0.623828125 3.48217204577253
0.62470703125 3.48829843426373
0.6255859375 3.49443560126772
0.62646484375 3.50058356574778
0.62734375 3.50674234670053
0.62822265625 3.51291196315602
0.6291015625 3.51909243417778
0.62998046875 3.5252837788629
0.630859375 3.53148601634203
0.63173828125 3.5376991657795
0.6326171875 3.54392324637337
0.63349609375 3.55015827735545
0.634375 3.5564042779914
0.63525390625 3.56266126758077
0.6361328125 3.56892926545707
0.63701171875 3.57520829098782
0.637890625 3.58149836357462
0.63876953125 3.58779950265319
0.6396484375 3.59411172769347
0.64052734375 3.60043505819962
0.64140625 3.60676951371015
0.64228515625 3.61311511379793
0.6431640625 3.61947187807025
0.64404296875 3.62583982616893
0.644921875 3.63221897777031
0.64580078125 3.63860935258538
0.6466796875 3.64501097035979
0.64755859375 3.65142385087393
0.6484375 3.65784801394301
0.64931640625 3.66428347941707
0.6501953125 3.6707302671811
0.65107421875 3.67718839715507
0.651953125 3.68365788929398
0.65283203125 3.69013876358795
0.6537109375 3.69663104006228
0.65458984375 3.70313473877749
0.65546875 3.70964987982938
0.65634765625 3.71617648334914
0.6572265625 3.72271456950335
0.65810546875 3.72926415849408
0.658984375 3.73582527055894
0.65986328125 3.74239792597115
0.6607421875 3.74898214503959
0.66162109375 3.75557794810887
0.6625 3.76218535555942
0.66337890625 3.76880438780748
0.6642578125 3.77543506530525
0.66513671875 3.7820774085409
0.666015625 3.78873143803863
0.66689453125 3.79539717435877
0.6677734375 3.80207463809782
0.66865234375 3.8087638498885
0.66953125 3.81546483039986
0.67041015625 3.82217760033729
0.6712890625 3.8289021804426
0.67216796875 3.83563859149413
0.673046875 3.84238685430675
0.67392578125 3.84914698973194
0.6748046875 3.8559190186579
0.67568359375 3.86270296200954
0.6765625 3.86949884074862
0.67744140625 3.87630667587376
0.6783203125 3.88312648842052
0.67919921875 3.88995829946149
0.680078125 3.89680213010631
0.68095703125 3.90365800150177
0.6818359375 3.91052593483187
0.68271484375 3.91740595131788
0.68359375 3.9242980722184
0.68447265625 3.93120231882942
0.6853515625 3.93811871248443
0.68623046875 3.94504727455442
0.687109375 3.95198802644799
0.68798828125 3.95894098961141
0.6888671875 3.96590618552869
0.68974609375 3.97288363572162
0.690625 3.97987336174986
0.69150390625 3.98687538521101
0.6923828125 3.99388972774066
0.69326171875 4.00091641101246
0.694140625 4.00795545673821
0.69501953125 4.01500688666788
0.6958984375 4.02207072258973
0.69677734375 4.02914698633035
0.69765625 4.03623569975472
0.69853515625 4.04333688476631
0.6994140625 4.05045056330709
0.70029296875 4.05757675735767
0.701171875 4.06471548893731
0.70205078125 4.07186678010402
0.7029296875 4.07903065295462
0.70380859375 4.08620712962479
0.7046875 4.09339623228917
0.70556640625 4.1005979831614
0.7064453125 4.10781240449423
0.70732421875 4.11503951857951
0.708203125 4.12227934774838
0.70908203125 4.12953191437119
0.7099609375 4.13679724085772
0.71083984375 4.14407534965711
0.71171875 4.15136626325806
0.71259765625 4.15867000418878
0.7134765625 4.16598659501715
0.71435546875 4.17331605835075
0.715234375 4.18065841683692
0.71611328125 4.18801369316286
0.7169921875 4.19538191005568
0.71787109375 4.20276309028247
0.71875 4.21015725665038
0.71962890625 4.21756443200669
0.7205078125 4.22498463923888
0.72138671875 4.23241790127467
0.722265625 4.23986424108215
0.72314453125 4.24732368166981
0.7240234375 4.25479624608661
0.72490234375 4.26228195742207
0.72578125 4.26978083880634
0.72666015625 4.27729291341024
0.7275390625 4.28481820444538
0.72841796875 4.2923567351642
0.729296875 4.29990852886004
0.73017578125 4.30747360886724
0.7310546875 4.31505199856118
0.73193359375 4.32264372135836
0.7328125 4.3302488007165
0.73369140625 4.33786726013457
0.7345703125 4.34549912315289
0.73544921875 4.35314441335319
0.736328125 4.36080315435871
0.73720703125 4.36847536983423
0.7380859375 4.37616108348617
0.73896484375 4.38386031906265
0.73984375 4.3915731003536
0.74072265625 4.39929945119077
0.7416015625 4.40703939544786
0.74248046875 4.41479295704057
0.743359375 4.42256015992668
0.74423828125 4.43034102810609
0.7451171875 4.43813558562097
0.74599609375 4.44594385655576
0.746875 4.45376586503728
0.74775390625 4.46160163523479
0.7486328125 4.4694511913601
0.74951171875 4.47731455766757
0.750390625 4.48519175845428
0.75126953125 4.49308281806003
0.7521484375 4.50098776086745
0.75302734375 4.50890661130207
0.75390625 4.51683939383238
0.75478515625 4.52478613296994
0.7556640625 4.53274685326942
0.75654296875 4.54072157932869
0.757421875 4.54871033578891
0.75830078125 4.55671314733457
0.7591796875 4.56473003869361
0.76005859375 4.57276103463747
0.7609375 4.58080615998116
0.76181640625 4.58886543958336
0.7626953125 4.5969388983465
0.76357421875 4.60502656121678
0.764453125 4.61312845318433
0.76533203125 4.62124459928322
0.7662109375 4.62937502459159
0.76708984375 4.63751975423168
0.76796875 4.64567881336993
0.76884765625 4.65385222721707
0.7697265625 4.66204002102818
0.77060546875 4.67024222010276
0.771484375 4.67845884978483
0.77236328125 4.686689935463
0.7732421875 4.69493550257056
0.77412109375 4.70319557658553
0.775 4.71147018303074
0.77587890625 4.71975934747397
0.7767578125 4.72806309552794
0.77763671875 4.73638145285045
0.778515625 4.74471444514444
0.77939453125 4.75306209815806
0.7802734375 4.76142443768478
0.78115234375 4.76980148956344
0.78203125 4.77819327967834
0.78291015625 4.78659983395932
0.7837890625 4.79502117838183
0.78466796875 4.80345733896703
0.785546875 4.81190834178186
0.78642578125 4.82037421293913
0.7873046875 4.82885497859758
0.78818359375 4.83735066496197
0.7890625 4.84586129828317
0.78994140625 4.85438690485823
0.7908203125 4.86292751103048
0.79169921875 4.87148314318958
0.792578125 4.88005382777162
0.79345703125 4.88863959125922
0.7943359375 4.89724046018156
0.79521484375 4.90585646111453
0.79609375 4.91448762068076
0.79697265625 4.9231339655497
0.7978515625 4.93179552243775
0.79873046875 4.94047231810831
0.799609375 4.94916437937184
0.80048828125 4.95787173308601
0.8013671875 4.96659440615571
0.80224609375 4.97533242553317
0.803125 4.98408581821806
0.80400390625 4.99285461125753
0.8048828125 5.00163883174633
0.80576171875 5.01043850682685
0.806640625 5.01925366368928
0.80751953125 5.0280843295716
0.8083984375 5.03693053175976
0.80927734375 5.04579229758767
0.81015625 5.05466965443735
0.81103515625 5.063562629739
0.8119140625 5.07247125097107
0.81279296875 5.08139554566037
0.813671875 5.09033554138211
0.81455078125 5.09929126576005
0.8154296875 5.10826274646652
0.81630859375 5.11725001122256
0.8171875 5.12625308779796
0.81806640625 5.13527200401137
0.8189453125 5.14430678773041
0.81982421875 5.15335746687169
0.820703125 5.16242406940097
0.82158203125 5.17150662333318
0.8224609375 5.18060515673256
0.82333984375 5.18971969771273
0.82421875 5.19885027443674
0.82509765625 5.20799691511723
0.8259765625 5.21715964801645
0.82685546875 5.22633850144637
0.827734375 5.23553350376878
0.82861328125 5.24474468339539
0.8294921875 5.25397206878785
0.83037109375 5.26321568845793
0.83125 5.27247557096753
0.83212890625 5.28175174492882
0.8330078125 5.29104423900429
0.83388671875 5.30035308190688
0.834765625 5.30967830240003
0.83564453125 5.3190199292978
0.8365234375 5.32837799146493
0.83740234375 5.33775251781694
0.83828125 5.34714353732024
0.83916015625 5.35655107899219
0.8400390625 5.36597517190121
0.84091796875 5.37541584516686
0.841796875 5.38487312795992
0.84267578125 5.3943470495025
0.8435546875 5.40383763906813
0.84443359375 5.41334492598184
0.8453125 5.42286893962024
0.84619140625 5.43240970941163
0.8470703125 5.44196726483609
0.84794921875 5.45154163542557
0.848828125 5.46113285076397
0.84970703125 5.47074094048723
0.8505859375 5.48036593428346
0.85146484375 5.49000786189297
0.85234375 5.49966675310839
0.85322265625 5.50934263777481
0.8541015625 5.51903554578978
0.85498046875 5.52874550710348
0.855859375 5.53847255171878
0.85673828125 5.54821670969131
0.8576171875 5.55797801112962
0.85849609375 5.56775648619519
0.859375 5.5775521651026
0.86025390625 5.58736507811956
0.8611328125 5.59719525556705
0.86201171875 5.6070427278194
0.862890625 5.61690752530436
0.86376953125 5.62678967850322
0.8646484375 5.6366892179509
0.86552734375 5.64660617423605
0.86640625 5.65654057800113
0.86728515625 5.6664924599425
0.8681640625 5.67646185081054
0.86904296875 5.68644878140972
0.869921875 5.69645328259873
0.87080078125 5.70647538529052
0.8716796875 5.71651512045243
0.87255859375 5.72657251910633
0.8734375 5.7366476123286
0.87431640625 5.74674043125033
0.8751953125 5.75685100705739
0.87607421875 5.7669793709905
0.876953125 5.77712555434535
0.87783203125 5.78728958847269
0.8787109375 5.79747150477841
0.87958984375 5.80767133472368
0.88046875 5.81788910982502
0.88134765625 5.82812486165439
0.8822265625 5.83837862183928
0.88310546875 5.84865042206285
0.883984375 5.85894029406399
0.88486328125 5.86924826963745
0.8857421875 5.87957438063388
0.88662109375 5.88991865895999
0.8875 5.90028113657864
0.88837890625 5.91066184550889
0.8892578125 5.92106081782616
0.89013671875 5.93147808566229
0.891015625 5.94191368120565
0.89189453125 5.95236763670125
0.8927734375 5.96283998445082
0.89365234375 5.97333075681293
0.89453125 5.98383998620309
0.89541015625 5.9943677050938
0.8962890625 6.00491394601473
0.89716796875 6.01547874155277
0.898046875 6.02606212435214
0.89892578125 6.03666412711449
0.8998046875 6.04728478259901
0.90068359375 6.05792412362253
0.9015625 6.06858218305959
0.90244140625 6.07925899384261
0.9033203125 6.08995458896191
0.90419921875 6.10066900146587
0.905078125 6.11140226446103
0.90595703125 6.12215441111214
0.9068359375 6.13292547464233
0.90771484375 6.14371548833316
0.90859375 6.15452448552477
0.90947265625 6.16535249961592
0.9103515625 6.17619956406416
0.91123046875 6.1870657123859
0.912109375 6.1979509781565
0.91298828125 6.20885539501041
0.9138671875 6.21977899664126
0.91474609375 6.23072181680193
0.915625 6.24168388930471
0.91650390625 6.25266524802137
0.9173828125 6.26366592688327
0.91826171875 6.27468595988146
0.919140625 6.28572538106681
0.92001953125 6.2967842245501
0.9208984375 6.30786252450209
0.92177734375 6.31896031515369
0.92265625 6.33007763079604
0.92353515625 6.34121450578057
0.9244140625 6.35237097451919
0.92529296875 6.36354707148432
0.926171875 6.37474283120907
0.92705078125 6.38595828828725
0.9279296875 6.39719347737359
0.92880859375 6.40844843318374
0.9296875 6.41972319049447
0.93056640625 6.4310177841437
0.9314453125 6.44233224903067
0.93232421875 6.453666620116
0.933203125 6.46502093242184
0.93408203125 6.47639522103193
0.9349609375 6.48778952109174
0.93583984375 6.4992038678086
0.93671875 6.51063829645176
0.93759765625 6.52209284235251
0.9384765625 6.53356754090434
0.93935546875 6.54506242756296
0.940234375 6.5565775378465
0.94111328125 6.56811290733556
0.9419921875 6.57966857167334
0.94287109375 6.59124456656575
0.94375 6.60284092778153
0.94462890625 6.61445769115233
0.9455078125 6.62609489257287
0.94638671875 6.63775256800098
0.947265625 6.64943075345779
0.94814453125 6.66112948502779
0.9490234375 6.67284879885895
0.94990234375 6.68458873116285
0.95078125 6.69634931821477
0.95166015625 6.70813059635381
0.9525390625 6.71993260198301
0.95341796875 6.73175537156946
0.954296875 6.74359894164439
0.95517578125 6.75546334880332
0.9560546875 6.76734862970615
0.95693359375 6.77925482107726
0.9578125 6.79118195970568
0.95869140625 6.80313008244513
0.9595703125 6.81509922621418
0.96044921875 6.82708942799636
0.961328125 6.83910072484026
0.96220703125 6.85113315385964
0.9630859375 6.8631867522336
0.96396484375 6.87526155720658
0.96484375 6.88735760608862
0.96572265625 6.89947493625536
0.9666015625 6.9116135851482
0.96748046875 6.92377359027443
0.968359375 6.9359549892073
0.96923828125 6.94815781958619
0.9701171875 6.96038211911671
0.97099609375 6.97262792557077
0.971875 6.98489527678677
0.97275390625 6.99718421066965
0.9736328125 7.00949476519108
0.97451171875 7.02182697838948
0.975390625 7.03418088837025
0.97626953125 7.0465565333058
0.9771484375 7.0589539514357
0.97802734375 7.07137318106681
0.97890625 7.08381426057337
0.97978515625 7.09627722839713
0.9806640625 7.1087621230475
0.98154296875 7.12126898310162
0.982421875 7.1337978472045
0.98330078125 7.14634875406916
0.9841796875 7.15892174247671
0.98505859375 7.17151685127651
0.9859375 7.18413411938623
0.98681640625 7.19677358579206
0.9876953125 7.20943528954874
0.98857421875 7.22211926977976
0.989453125 7.2348255656774
0.99033203125 7.24755421650293
0.9912109375 7.26030526158668
0.99208984375 7.27307874032817
0.99296875 7.28587469219623
0.99384765625 7.29869315672917
0.9947265625 7.31153417353482
0.99560546875 7.3243977822907
0.996484375 7.33728402274416
0.99736328125 7.35019293471248
0.9982421875 7.36312455808295
0.99912109375 7.37607893281307
1 7.38905609893065
