0.1 1.22140276291393
0.1017578125 1.22570431388223
0.103515625 1.23002101410453
0.1052734375 1.23435291693367
0.10703125 1.23870007591035
0.1087890625 1.24306254476387
0.110546875 1.24744037741274
0.1123046875 1.25183362796535
0.1140625 1.25624235072067
0.1158203125 1.26066660016888
0.117578125 1.26510643099208
0.1193359375 1.26956189806494
0.12109375 1.2740330564554
0.1228515625 1.27851996142533
0.124609375 1.28302266843121
0.1263671875 1.28754123312486
0.128125 1.29207571135407
0.1298828125 1.29662615916332
0.131640625 1.30119263279446
0.1333984375 1.30577518868744
0.13515625 1.31037388348096
0.1369140625 1.31498877401318
0.138671875 1.31961991732246
0.1404296875 1.32426737064803
0.1421875 1.32893119143069
0.1439453125 1.33361143731356
0.145703125 1.33830816614275
0.1474609375 1.34302143596809
0.14921875 1.34775130504388
0.1509765625 1.35249783182955
0.152734375 1.35726107499042
0.1544921875 1.36204109339842
0.15625 1.36683794613283
0.1580078125 1.37165169248097
0.159765625 1.37648239193899
0.1615234375 1.38133010421254
0.16328125 1.38619488921756
0.1650390625 1.39107680708102
0.166796875 1.3959759181416
0.1685546875 1.40089228295053
0.1703125 1.40582596227227
0.1720703125 1.41077701708526
0.173828125 1.41574550858274
0.1755859375 1.42073149817341
0.17734375 1.42573504748229
0.1791015625 1.43075621835139
0.180859375 1.43579507284054
0.1826171875 1.44085167322813
0.184375 1.44592608201187
0.1861328125 1.45101836190959
0.187890625 1.45612857585999
0.1896484375 1.46125678702345
0.19140625 1.46640305878275
0.1931640625 1.47156745474392
0.194921875 1.47675003873701
0.1966796875 1.48195087481683
0.1984375 1.4871700272638
0.2001953125 1.49240756058473
0.201953125 1.49766353951361
0.2037109375 1.50293802901239
0.20546875 1.50823109427183
0.2072265625 1.51354280071226
0.208984375 1.51887321398442
0.2107421875 1.52422239997026
0.2125 1.52959042478374
0.2142578125 1.53497735477168
0.216015625 1.54038325651454
0.2177734375 1.54580819682728
0.21953125 1.55125224276017
0.2212890625 1.55671546159961
0.223046875 1.56219792086897
0.2248046875 1.56769968832944
0.2265625 1.57322083198083
0.2283203125 1.57876142006244
0.230078125 1.58432152105391
0.2318359375 1.58990120367603
0.23359375 1.59550053689163
0.2353515625 1.60111958990641
0.237109375 1.60675843216979
0.2388671875 1.61241713337579
0.240625 1.61809576346386
0.2423828125 1.6237943926198
0.244140625 1.62951309127655
0.2458984375 1.63525193011512
0.24765625 1.64101098006546
0.2494140625 1.6467903123073
0.251171875 1.65258999827105
0.2529296875 1.6584101096387
0.2546875 1.66425071834469
0.2564453125 1.67011189657679
0.258203125 1.675993716777
0.2599609375 1.68189625164245
0.26171875 1.68781957412631
0.2634765625 1.69376375743866
0.265234375 1.69972887504741
0.2669921875 1.70571500067923
0.26875 1.71172220832042
0.2705078125 1.71775057221785
0.272265625 1.72380016687989
0.2740234375 1.72987106707731
0.27578125 1.73596334784418
0.2775390625 1.74207708447885
0.279296875 1.74821235254487
0.2810546875 1.75436922787189
0.2828125 1.76054778655662
0.2845703125 1.76674810496376
0.286328125 1.77297025972698
0.2880859375 1.77921432774981
0.28984375 1.78548038620663
0.2916015625 1.79176851254363
0.293359375 1.79807878447973
0.2951171875 1.80441128000756
0.296875 1.81076607739445
0.2986328125 1.81714325518334
0.300390625 1.8235428921938
0.3021484375 1.829965067523
0.30390625 1.83640986054666
0.3056640625 1.84287735092004
0.307421875 1.84936761857894
0.3091796875 1.85588074374069
0.3109375 1.86241680690512
0.3126953125 1.86897588885555
0.314453125 1.87555807065983
0.3162109375 1.88216343367129
0.31796875 1.88879205952981
0.3197265625 1.89544403016274
0.321484375 1.902119427786
0.3232421875 1.90881833490504
0.325 1.9155408343159
0.3267578125 1.92228700910619
0.328515625 1.92905694265614
0.3302734375 1.93585071863964
0.33203125 1.94266842102527
0.3337890625 1.94951013407731
0.335546875 1.95637594235682
0.3373046875 1.96326593072266
0.3390625 1.97018018433255
0.3408203125 1.97711878864412
0.342578125 1.98408182941597
0.3443359375 1.99106939270871
0.34609375 1.99808156488605
0.3478515625 2.00511843261587
0.349609375 2.01218008287125
0.3513671875 2.0192666029316
0.353125 2.02637808038369
0.3548828125 2.03351460312276
0.356640625 2.04067625935362
0.3583984375 2.04786313759169
0.36015625 2.05507532666414
0.3619140625 2.06231291571098
0.363671875 2.06957599418614
0.3654296875 2.0768646518586
0.3671875 2.08417897881348
0.3689453125 2.09151906545317
0.370703125 2.09888500249844
0.3724609375 2.10627688098956
0.37421875 2.11369479228743
0.3759765625 2.1211388280747
0.377734375 2.1286090803569
0.3794921875 2.13610564146362
0.38125 2.14362860404959
0.3830078125 2.15117806109584
0.384765625 2.1587541059109
0.3865234375 2.16635683213189
0.38828125 2.1739863337257
0.3900390625 2.18164270499017
0.391796875 2.18932604055522
0.3935546875 2.19703643538406
0.3953125 2.20477398477432
0.3970703125 2.21253878435928
0.398828125 2.22033093010898
0.4005859375 2.22815051833149
0.40234375 2.23599764567404
0.4041015625 2.24387240912423
0.405859375 2.25177490601124
0.4076171875 2.25970523400702
0.409375 2.26766349112751
0.4111328125 2.27564977573383
0.412890625 2.28366418653352
0.4146484375 2.29170682258175
0.41640625 2.29977778328254
0.4181640625 2.30787716839
0.419921875 2.31600507800953
0.4216796875 2.32416161259911
0.4234375 2.33234687297052
0.4251953125 2.34056096029054
0.426953125 2.34880397608228
0.4287109375 2.35707602222637
0.43046875 2.36537720096227
0.4322265625 2.37370761488948
0.433984375 2.38206736696886
0.4357421875 2.39045656052386
0.4375 2.39887529924182
0.4392578125 2.40732368717526
0.441015625 2.41580182874315
0.4427734375 2.42430982873218
0.44453125 2.43284779229811
0.4462890625 2.44141582496703
0.448046875 2.45001403263666
0.4498046875 2.45864252157769
0.4515625 2.46730139843506
0.4533203125 2.4759907702293
0.455078125 2.48471074435785
0.4568359375 2.49346142859638
0.45859375 2.50224293110013
0.4603515625 2.51105536040523
0.462109375 2.51989882543006
0.4638671875 2.5287734354766
0.465625 2.53767930023176
0.4673828125 2.54661652976875
0.469140625 2.55558523454843
0.4708984375 2.56458552542071
0.47265625 2.57361751362584
0.4744140625 2.5826813107959
0.476171875 2.59177702895607
0.4779296875 2.60090478052608
0.4796875 2.61006467832157
0.4814453125 2.61925683555553
0.483203125 2.62848136583961
0.4849609375 2.63773838318563
0.48671875 2.64702800200691
0.4884765625 2.65635033711972
0.490234375 2.66570550374468
0.4919921875 2.67509361750821
0.49375 2.68451479444395
0.4955078125 2.69396915099417
0.497265625 2.70345680401123
0.4990234375 2.71297787075904
0.50078125 2.72253246891448
0.5025390625 2.73212071656886
0.504296875 2.74174273222939
0.5060546875 2.75139863482065
0.5078125 2.76108854368603
0.5095703125 2.77081257858924
0.511328125 2.78057085971578
0.5130859375 2.7903635076744
0.51484375 2.80019064349863
0.5166015625 2.81005238864825
0.518359375 2.8199488650108
0.5201171875 2.82988019490309
0.521875 2.83984650107269
0.5236328125 2.84984790669948
0.525390625 2.85988453539715
0.5271484375 2.86995651121474
0.52890625 2.88006395863816
0.5306640625 2.89020700259174
0.532421875 2.90038576843977
0.5341796875 2.91060038198805
0.5359375 2.92085096948544
0.5376953125 2.93113765762542
0.539453125 2.94146057354769
0.5412109375 2.95181984483967
0.54296875 2.96221559953815
0.5447265625 2.97264796613083
0.546484375 2.98311707355791
0.5482421875 2.99362305121372
0.55 3.00416602894827
0.5517578125 3.01474613706888
0.553515625 3.02536350634179
0.5552734375 3.03601826799378
0.55703125 3.04671055371378
0.5587890625 3.0574404956545
0.560546875 3.06820822643409
0.5623046875 3.07901387913772
0.5640625 3.08985758731928
0.5658203125 3.10073948500302
0.567578125 3.11165970668518
0.5693359375 3.1226183873357
0.57109375 3.13361566239981
0.5728515625 3.1446516677998
0.574609375 3.15572653993663
0.5763671875 3.16684041569164
0.578125 3.17799343242824
0.5798828125 3.18918572799362
0.581640625 3.20041744072043
0.5833984375 3.2116887094285
0.58515625 3.22299967342656
0.5869140625 3.23435047251397
0.588671875 3.24574124698242
0.5904296875 3.25717213761769
0.5921875 3.26864328570139
0.5939453125 3.28015483301267
0.595703125 3.29170692183003
0.5974609375 3.30329969493304
0.59921875 3.31493329560409
0.6009765625 3.32660786763021
0.602734375 3.33832355530481
0.6044921875 3.35008050342948
0.60625 3.36187885731578
0.6080078125 3.373718762787
0.609765625 3.38560036618003
0.6115234375 3.3975238143471
0.61328125 3.40948925465765
0.6150390625 3.42149683500012
0.616796875 3.43354670378377
0.6185546875 3.44563900994055
0.6203125 3.4577739029269
0.6220703125 3.46995153272566
0.623828125 3.48217204984782
0.6255859375 3.49443560533449
0.62734375 3.50674235075869
0.6291015625 3.51909243822727
0.630859375 3.53148602038277
0.6326171875 3.54392325040529
0.634375 3.55640428201442
0.6361328125 3.56892926947112
0.637890625 3.58149836757961
0.6396484375 3.59411173168934
0.64140625 3.60676951769682
0.6431640625 3.61947188204765
0.644921875 3.63221898173835
0.6466796875 3.64501097431841
0.6484375 3.65784801789212
0.6501953125 3.67073027112063
0.651953125 3.68365789322385
0.6537109375 3.69663104398241
0.65546875 3.7096498837397
0.6572265625 3.72271457340378
0.658984375 3.73582527444939
0.6607421875 3.74898214891999
0.6625 3.76218535942969
0.6642578125 3.77543506916531
0.666015625 3.7887314418884
0.6677734375 3.80207464193722
0.66953125 3.81546483422881
0.6712890625 3.82890218426102
0.673046875 3.84238685811456
0.6748046875 3.85591902245501
0.6765625 3.86949884453496
0.6783203125 3.88312649219601
0.680078125 3.89680213387085
0.6818359375 3.9105259385854
0.68359375 3.92429807596082
0.6853515625 3.93811871621566
0.687109375 3.95198803016795
0.6888671875 3.9659061892373
0.690625 3.97987336544704
0.6923828125 3.99388973142631
0.694140625 4.00795546041225
0.6958984375 4.02207072625208
0.69765625 4.0362357034053
0.6994140625 4.0504505669458
0.701171875 4.06471549256408
0.7029296875 4.07903065656935
0.7046875 4.09339623589177
0.7064453125 4.10781240808462
0.708203125 4.12227935132648
0.7099609375 4.13679724442343
0.71171875 4.1513662668113
0.7134765625 4.16598659855783
0.715234375 4.18065842036495
0.7169921875 4.19538191357098
0.71875 4.21015726015285
0.7205078125 4.22498464272843
0.722265625 4.2398642445587
0.7240234375 4.25479624955006
0.72578125 4.2697808422566
0.7275390625 4.28481820788236
0.729296875 4.29990853228365
0.7310546875 4.31505200197132
0.7328125 4.33024880411309
0.7345703125 4.34549912653583
0.736328125 4.36080315772791
0.7380859375 4.37616108684153
0.73984375 4.39157310369503
0.7416015625 4.40703939877528
0.743359375 4.42256016323997
0.7451171875 4.43813558892006
0.746875 4.45376586832206
0.7486328125 4.46945119463047
0.750390625 4.48519176171016
0.7521484375 4.50098776410874
0.75390625 4.51683939705898
0.7556640625 4.53274685648122
0.757421875 4.54871033898582
0.7591796875 4.56473004187554
0.7609375 4.58080616314801
0.7626953125 4.59693890149817
0.764453125 4.61312845632072
0.7662109375 4.62937502771261
0.76796875 4.64567881647547
0.7697265625 4.66204002411813
0.771484375 4.6784588528591
0.7732421875 4.69493550562906
0.775 4.71147018607336
0.7767578125 4.72806309855457
0.778515625 4.74471444815498
0.7802734375 4.76142444067914
0.78203125 4.77819328265641
0.7837890625 4.79502118134349
0.785546875 4.81190834472703
0.7873046875 4.82885498152615
0.7890625 4.84586130119503
0.7908203125 4.86292751392553
0.792578125 4.88005383064975
0.7943359375 4.89724046304267
0.79609375 4.91448762352473
0.7978515625 4.93179552526448
0.799609375 4.94916438218123
0.8013671875 4.96659440894764
0.803125 4.98408582099244
0.8048828125 5.00163883450303
0.806640625 5.01925366642821
0.8083984375 5.0369305344808
0.81015625 5.05466965714039
0.8119140625 5.07247125365601
0.813671875 5.09033554404883
0.8154296875 5.10826274911491
0.8171875 5.12625309042789
0.8189453125 5.14430679034179
0.820703125 5.16242407199368
0.8224609375 5.1806051593065
0.82421875 5.19885027699178
0.8259765625 5.21715965055247
0.827734375 5.23553350628569
0.8294921875 5.25397207128552
0.83125 5.27247557344584
0.8330078125 5.29104424146313
0.834765625 5.30967830483929
0.8365234375 5.32837799388448
0.83828125 5.34714353971997
0.8400390625 5.36597517428101
0.841796875 5.38487313031965
0.8435546875 5.40383764140769
0.8453125 5.4228689419395
0.8470703125 5.44196726713494
0.848828125 5.46113285304228
0.8505859375 5.48036593654111
0.85234375 5.49966675534526
0.8541015625 5.51903554800575
0.855859375 5.53847255391372
0.8576171875 5.55797801330341
0.859375 5.57755216725512
0.8611328125 5.59719525769819
0.862890625 5.61690752741397
0.8646484375 5.63668922003887
0.86640625 5.65654058006733
0.8681640625 5.67646185285484
0.869921875 5.69645328462101
0.8716796875 5.71651512245257
0.8734375 5.73664761430646
0.8751953125 5.75685100901285
0.876953125 5.77712555627827
0.8787109375 5.79747150668866
0.88046875 5.81788911171249
0.8822265625 5.83837862370382
0.883984375 5.85894029590548
0.8857421875 5.87957438245218
0.8875 5.90028113837363
0.8892578125 5.92106081959769
0.891015625 5.9419136829536
0.8927734375 5.96283998617506
0.89453125 5.98383998790347
0.8962890625 6.00491394769113
0.898046875 6.02606212600441
0.8998046875 6.04728478422702
0.9015625 6.06858218466321
0.9033203125 6.08995459054099
0.905078125 6.11140226601544
0.9068359375 6.13292547617194
0.90859375 6.15452448702942
0.9103515625 6.17619956554372
0.912109375 6.19795097961084
0.9138671875 6.21977899807023
0.915625 6.24168389070817
0.9173828125 6.26366592826107
0.919140625 6.28572538241882
0.9208984375 6.30786252582816
0.92265625 6.33007763209602
0.9244140625 6.35237097579294
0.926171875 6.37474283245645
0.9279296875 6.39719347859445
0.9296875 6.41972319168867
0.9314453125 6.44233225019806
0.933203125 6.46502093356227
0.9349609375 6.48778952220507
0.93671875 6.51063829753783
0.9384765625 6.533567541963
0.940234375 6.55657753887761
0.9419921875 6.57966857267674
0.94375 6.60284092875707
0.9455078125 6.62609489352039
0.947265625 6.64943075437716
0.9490234375 6.67284879975
0.95078125 6.69634931907735
0.9525390625 6.71993260281698
0.954296875 6.74359894244958
0.9560546875 6.7673486304824
0.9578125 6.79118196045284
0.9595703125 6.81509922693209
0.961328125 6.83910072552875
0.9630859375 6.86318675289252
0.96484375 6.88735760671782
0.9666015625 6.91161358574751
0.968359375 6.93595498977656
0.9701171875 6.96038211965576
0.971875 6.98489527729544
0.9736328125 7.00949476566921
0.975390625 7.03418088881769
0.9771484375 7.05895395185228
0.97890625 7.0838142609589
0.9806640625 7.10876212340184
0.982421875 7.13379784752748
0.9841796875 7.15892174276816
0.9859375 7.18413411964597
0.9876953125 7.20943528977661
0.989453125 7.23482556587324
0.9912109375 7.26030526175031
0.99296875 7.28587469232748
0.9947265625 7.31153417363351
0.996484375 7.33728402281014
0.9982421875 7.36312455811601
1 7.38905609893065
