0.1 1.22140275816017
0.1017578125 1.22570430912142
0.103515625 1.2300210093367
0.1052734375 1.23435291215886
0.10703125 1.23870007112861
0.1087890625 1.24306253997524
0.110546875 1.24744037261725
0.1123046875 1.25183362316305
0.1140625 1.2562423459116
0.1158203125 1.26066659535308
0.117578125 1.26510642616959
0.1193359375 1.26956189323581
0.12109375 1.27403305161966
0.1228515625 1.27851995658302
0.124609375 1.28302266358239
0.1263671875 1.28754122826956
0.128125 1.29207570649233
0.1298828125 1.29662615429518
0.131640625 1.30119262791997
0.1333984375 1.30577518380663
0.13515625 1.31037387859387
0.1369140625 1.31498876911987
0.138671875 1.31961991242296
0.1404296875 1.32426736574238
0.1421875 1.32893118651894
0.1439453125 1.33361143239575
0.145703125 1.33830816121892
0.1474609375 1.34302143103829
0.14921875 1.34775130010815
0.1509765625 1.35249782688793
0.152734375 1.35726107004295
0.1544921875 1.36204108844515
0.15625 1.3668379411738
0.1580078125 1.37165168751622
0.159765625 1.37648238696856
0.1615234375 1.38133009923648
0.16328125 1.38619488423592
0.1650390625 1.39107680209382
0.166796875 1.39597591314891
0.1685546875 1.40089227795238
0.1703125 1.4058259572687
0.1720703125 1.41077701207632
0.173828125 1.41574550356847
0.1755859375 1.42073149315386
0.17734375 1.42573504245749
0.1791015625 1.43075621332139
0.180859375 1.43579506780539
0.1826171875 1.44085166818787
0.184375 1.44592607696654
0.1861328125 1.45101835685924
0.187890625 1.45612857080467
0.1896484375 1.46125678196319
0.19140625 1.4664030537176
0.1931640625 1.47156744967393
0.194921875 1.47675003366221
0.1966796875 1.48195086973727
0.1984375 1.48717002217953
0.2001953125 1.4924075554958
0.201953125 1.49766353442005
0.2037109375 1.50293802391426
0.20546875 1.50823108916916
0.2072265625 1.5135427956051
0.208984375 1.51887320887282
0.2107421875 1.52422239485425
0.2125 1.52959041966338
0.2142578125 1.534977349647
0.216015625 1.5403832513856
0.2177734375 1.54580819169412
0.21953125 1.55125223762284
0.2212890625 1.55671545645815
0.223046875 1.56219791572343
0.2248046875 1.56769968317986
0.2265625 1.57322082682725
0.2283203125 1.57876141490492
0.230078125 1.58432151589249
0.2318359375 1.58990119851075
0.23359375 1.59550053172254
0.2353515625 1.60111958473356
0.237109375 1.60675842699322
0.2388671875 1.61241712819554
0.240625 1.61809575827999
0.2423828125 1.62379438743235
0.244140625 1.62951308608556
0.2458984375 1.63525192492065
0.24765625 1.64101097486755
0.2494140625 1.64679030710599
0.251171875 1.65258999306639
0.2529296875 1.65841010443075
0.2546875 1.66425071313348
0.2564453125 1.67011189136237
0.258203125 1.67599371155942
0.2599609375 1.68189624642176
0.26171875 1.68781956890255
0.2634765625 1.69376375221188
0.265234375 1.69972886981766
0.2669921875 1.70571499544655
0.26875 1.71172220308486
0.2705078125 1.71775056697947
0.272265625 1.72380016163873
0.2740234375 1.72987106183341
0.27578125 1.73596334259759
0.2775390625 1.74207707922963
0.279296875 1.74821234729306
0.2810546875 1.75436922261753
0.2828125 1.76054778129976
0.2845703125 1.76674809970446
0.286328125 1.77297025446528
0.2880859375 1.77921432248576
0.28984375 1.78548038094029
0.2916015625 1.79176850727504
0.293359375 1.79807877920893
0.2951171875 1.80441127473461
0.296875 1.81076607211939
0.2986328125 1.81714324990622
0.300390625 1.82354288691468
0.3021484375 1.82996506224192
0.30390625 1.83640985526367
0.3056640625 1.84287734563519
0.307421875 1.84936761329229
0.3091796875 1.85588073845228
0.3109375 1.86241680161499
0.3126953125 1.86897588356376
0.314453125 1.87555806536643
0.3162109375 1.88216342837633
0.31796875 1.88879205423334
0.3197265625 1.89544402486481
0.321484375 1.90211942248666
0.3232421875 1.90881832960435
0.325 1.9155408290139
0.3267578125 1.92228700380292
0.328515625 1.92905693735167
0.3302734375 1.93585071333402
0.33203125 1.94266841571854
0.3337890625 1.94951012876953
0.335546875 1.95637593704804
0.3373046875 1.96326592541292
0.3390625 1.97018017902192
0.3408203125 1.97711878333264
0.342578125 1.98408182410369
0.3443359375 1.99106938739569
0.34609375 1.99808155957234
0.3478515625 2.00511842730152
0.349609375 2.01218007755631
0.3513671875 2.01926659761613
0.353125 2.02637807506773
0.3548828125 2.03351459780638
0.356640625 2.04067625403686
0.3583984375 2.0478631322746
0.36015625 2.05507532134679
0.3619140625 2.06231291039341
0.363671875 2.0695759888684
0.3654296875 2.07686464654075
0.3671875 2.08417897349557
0.3689453125 2.09151906013526
0.370703125 2.09888499718058
0.3724609375 2.1062768756718
0.37421875 2.11369478696983
0.3759765625 2.12113882275731
0.377734375 2.12860907503978
0.3794921875 2.13610563614682
0.38125 2.14362859873316
0.3830078125 2.15117805577985
0.384765625 2.15875410059539
0.3865234375 2.16635682681692
0.38828125 2.17398632841132
0.3900390625 2.18164269967644
0.391796875 2.1893260352422
0.3935546875 2.1970364300718
0.3953125 2.20477397946288
0.3970703125 2.21253877904871
0.398828125 2.22033092479934
0.4005859375 2.22815051302284
0.40234375 2.23599764036643
0.4041015625 2.24387240381771
0.405859375 2.25177490070588
0.4076171875 2.25970522870287
0.409375 2.26766348582462
0.4111328125 2.27564977043227
0.412890625 2.28366418123335
0.4146484375 2.29170681728302
0.41640625 2.29977777798531
0.4181640625 2.30787716309431
0.419921875 2.31600507271546
0.4216796875 2.32416160730672
0.4234375 2.33234686767985
0.4251953125 2.34056095500166
0.426953125 2.34880397079524
0.4287109375 2.35707601694124
0.43046875 2.3653771956791
0.4322265625 2.37370760960834
0.433984375 2.38206736168979
0.4357421875 2.39045655524693
0.4375 2.3988752939671
0.4392578125 2.4073236819028
0.441015625 2.415801823473
0.4427734375 2.42430982346442
0.44453125 2.43284778703279
0.4462890625 2.44141581970421
0.448046875 2.4500140273764
0.4498046875 2.45864251632005
0.4515625 2.4673013931801
0.4533203125 2.47599076497709
0.455078125 2.48471073910844
0.4568359375 2.49346142334984
0.45859375 2.50224292585651
0.4603515625 2.5110553551646
0.462109375 2.51989882019248
0.4638671875 2.52877343024213
0.465625 2.53767929500047
0.4673828125 2.54661652454069
0.469140625 2.55558522932368
0.4708984375 2.56458552019931
0.47265625 2.57361750840788
0.4744140625 2.58268130558142
0.476171875 2.59177702374514
0.4779296875 2.60090477531876
0.4796875 2.61006467311794
0.4814453125 2.61925683035564
0.483203125 2.62848136064353
0.4849609375 2.63773837799342
0.48671875 2.64702799681864
0.4884765625 2.65635033193544
0.490234375 2.66570549856447
0.4919921875 2.67509361233214
0.49375 2.68451478927207
0.4955078125 2.69396914582655
0.497265625 2.70345679884794
0.4990234375 2.71297786560015
0.50078125 2.72253246376005
0.5025390625 2.73212071141895
0.504296875 2.74174272708408
0.5060546875 2.75139862967999
0.5078125 2.7610885385501
0.5095703125 2.77081257345811
0.511328125 2.78057085458951
0.5130859375 2.79036350255306
0.51484375 2.80019063838228
0.5166015625 2.81005238353697
0.518359375 2.81994885990465
0.5201171875 2.82988018980214
0.521875 2.839846495977
0.5236328125 2.84984790160913
0.525390625 2.85988453031221
0.5271484375 2.86995650613528
0.52890625 2.88006395356425
0.5306640625 2.89020699752345
0.532421875 2.90038576337716
0.5341796875 2.9106003769312
0.5359375 2.92085096443441
0.5376953125 2.9311376525803
0.539453125 2.94146056850853
0.5412109375 2.95181983980656
0.54296875 2.96221559451115
0.5447265625 2.97264796111001
0.546484375 2.98311706854335
0.5482421875 2.99362304620549
0.55 3.00416602394643
0.5517578125 3.01474613207351
0.553515625 3.02536350135297
0.5552734375 3.03601826301158
0.55703125 3.04671054873827
0.5587890625 3.05744049068576
0.560546875 3.06820822147218
0.5623046875 3.07901387418272
0.5640625 3.08985758237127
0.5658203125 3.10073948006207
0.567578125 3.11165970175138
0.5693359375 3.1226183824091
0.57109375 3.1336156574805
0.5728515625 3.14465166288785
0.574609375 3.15572653503212
0.5763671875 3.16684041079464
0.578125 3.17799342753884
0.5798828125 3.18918572311189
0.581640625 3.20041743584644
0.5833984375 3.21168870456233
0.58515625 3.22299966856829
0.5869140625 3.23435046766367
0.588671875 3.24574124214018
0.5904296875 3.25717213278359
0.5921875 3.26864328087549
0.5939453125 3.28015482819507
0.595703125 3.2917069170208
0.5974609375 3.30329969013225
0.59921875 3.31493329081183
0.6009765625 3.32660786284655
0.602734375 3.33832355052985
0.6044921875 3.35008049866329
0.60625 3.36187885255843
0.6080078125 3.37371875803858
0.609765625 3.38560036144062
0.6115234375 3.39752380961679
0.61328125 3.40948924993651
0.6150390625 3.42149683028823
0.616796875 3.43354669908122
0.6185546875 3.44563900524742
0.6203125 3.45777389824329
0.6220703125 3.46995152805163
0.623828125 3.48217204518346
0.6255859375 3.49443560067989
0.62734375 3.50674234611393
0.6291015625 3.51909243359244
0.630859375 3.53148601575794
0.6326171875 3.54392324579056
0.634375 3.55640427740987
0.6361328125 3.56892926487683
0.637890625 3.58149836299569
0.6396484375 3.59411172711585
0.64140625 3.60676951313386
0.6431640625 3.61947187749529
0.644921875 3.6322189771967
0.6466796875 3.64501096978754
0.6484375 3.65784801337213
0.6501953125 3.67073026661161
0.651953125 3.68365788872587
0.6537109375 3.69663103949558
0.65546875 3.7096498792641
0.6572265625 3.72271456893949
0.658984375 3.73582526999652
0.6607421875 3.74898214447862
0.6625 3.76218535499991
0.6642578125 3.77543506474722
0.666015625 3.78873143748208
0.6677734375 3.80207463754276
0.66953125 3.81546482984632
0.6712890625 3.82890217989058
0.673046875 3.84238685375625
0.6748046875 3.85591901810894
0.6765625 3.86949884020122
0.6783203125 3.88312648787469
0.680078125 3.89680212956205
0.6818359375 3.91052593428921
0.68359375 3.92429807167734
0.6853515625 3.93811871194498
0.687109375 3.95198802591016
0.6888671875 3.96590618499251
0.690625 3.97987336121533
0.6923828125 3.99388972720779
0.694140625 4.00795545620701
0.6958984375 4.02207072206022
0.69765625 4.03623569922692
0.6994140625 4.050450562781
0.701171875 4.06471548841295
0.7029296875 4.07903065243199
0.7046875 4.09339623176828
0.7064453125 4.1078124039751
0.708203125 4.12227934723103
0.7099609375 4.13679724034216
0.71171875 4.1513662627443
0.7134765625 4.16598659450521
0.715234375 4.18065841632681
0.7169921875 4.1953819095474
0.71875 4.21015725614396
0.7205078125 4.22498463873432
0.722265625 4.23986424057948
0.7240234375 4.25479624558582
0.72578125 4.26978083830745
0.7275390625 4.28481820394841
0.729296875 4.29990852836501
0.7310546875 4.31505199806809
0.7328125 4.33024880022537
0.7345703125 4.34549912266372
0.736328125 4.36080315387153
0.7380859375 4.37616108300098
0.73984375 4.39157309987043
0.7416015625 4.40703939496672
0.743359375 4.42256015944757
0.7451171875 4.43813558514392
0.746875 4.45376586456229
0.7486328125 4.46945119088719
0.750390625 4.48519175798347
0.7521484375 4.50098776039875
0.75390625 4.5168393933658
0.7556640625 4.53274685280497
0.757421875 4.54871033532661
0.7591796875 4.56473003823348
0.7609375 4.5808061595232
0.7626953125 4.59693889789073
0.764453125 4.61312845273077
0.7662109375 4.62937502414026
0.76796875 4.64567881292084
0.7697265625 4.66204002058133
0.771484375 4.67845884934025
0.7732421875 4.69493550212826
0.775 4.71147018259074
0.7767578125 4.72806309509024
0.778515625 4.74471444470907
0.7802734375 4.76142443725175
0.78203125 4.77819327924767
0.7837890625 4.79502117795352
0.785546875 4.81190834135594
0.7873046875 4.82885497817406
0.7890625 4.84586129786206
0.7908203125 4.8629275106118
0.792578125 4.88005382735539
0.7943359375 4.89724045976779
0.79609375 4.91448762026946
0.7978515625 4.93179552202894
0.799609375 4.94916437896554
0.8013671875 4.96659440575193
0.803125 4.98408581781683
0.8048828125 5.00163883134764
0.806640625 5.01925366329317
0.8083984375 5.03693053136623
0.81015625 5.05466965404642
0.8119140625 5.07247125058277
0.813671875 5.09033554099644
0.8154296875 5.1082627460835
0.8171875 5.1262530874176
0.8189453125 5.14430678735273
0.820703125 5.16242406902599
0.8224609375 5.1806051563603
0.82421875 5.19885027406721
0.8259765625 5.21715964764966
0.827734375 5.23553350340476
0.8294921875 5.25397206842661
0.83125 5.27247557060909
0.8330078125 5.29104423864867
0.834765625 5.30967830204724
0.8365234375 5.32837799111499
0.83828125 5.34714353697317
0.8400390625 5.36597517155702
0.841796875 5.38487312761863
0.8435546875 5.40383763872976
0.8453125 5.42286893928479
0.8470703125 5.4419672645036
0.848828125 5.46113285043445
0.8505859375 5.48036593395692
0.85234375 5.49966675278486
0.8541015625 5.51903554546927
0.855859375 5.53847255140131
0.8576171875 5.55797801081521
0.859375 5.57755216479126
0.8611328125 5.59719525525881
0.862890625 5.61690752499922
0.8646484375 5.6366892176489
0.86640625 5.65654057770227
0.8681640625 5.67646185051485
0.869921875 5.69645328230623
0.8716796875 5.71651512016314
0.8734375 5.73664761204252
0.8751953125 5.75685100677456
0.876953125 5.77712555406578
0.8787109375 5.79747150450211
0.88046875 5.81788910955202
0.8822265625 5.83837862156959
0.883984375 5.85894029379765
0.8857421875 5.87957438037088
0.8875 5.90028113631902
0.8892578125 5.92106081756993
0.891015625 5.94191368095283
0.8927734375 5.96283998420144
0.89453125 5.98383998595715
0.8962890625 6.00491394577226
0.898046875 6.02606212411316
0.8998046875 6.04728478236354
0.9015625 6.06858218282765
0.9033203125 6.08995458873351
0.905078125 6.1114022642362
0.9068359375 6.13292547442109
0.90859375 6.15452448530714
0.9103515625 6.17619956385016
0.912109375 6.19795097794615
0.9138671875 6.21977899643458
0.915625 6.24168388910172
0.9173828125 6.26366592668398
0.919140625 6.28572538087126
0.9208984375 6.30786252431029
0.92265625 6.33007763060801
0.9244140625 6.35237097433495
0.926171875 6.37474283102864
0.9279296875 6.397193477197
0.9296875 6.41972319032174
0.9314453125 6.44233224886182
0.933203125 6.46502093225689
0.9349609375 6.48778952093071
0.93671875 6.51063829629467
0.9384765625 6.53356754075121
0.940234375 6.55657753769736
0.9419921875 6.57966857152821
0.94375 6.60284092764043
0.9455078125 6.62609489243581
0.947265625 6.64943075332481
0.9490234375 6.67284879873007
0.95078125 6.69634931809001
0.9525390625 6.7199326018624
0.954296875 6.74359894152794
0.9560546875 6.76734862959388
0.9578125 6.79118195959762
0.9595703125 6.81509922611036
0.961328125 6.83910072474069
0.9630859375 6.8631867521383
0.96484375 6.88735760599763
0.9666015625 6.91161358506153
0.968359375 6.93595498912497
0.9701171875 6.96038211903875
0.971875 6.9848952767132
0.9736328125 7.00949476512193
0.975390625 7.03418088830555
0.9771484375 7.05895395137547
0.97890625 7.08381426051761
0.9806640625 7.10876212299625
0.982421875 7.13379784715779
0.9841796875 7.15892174243456
0.9859375 7.18413411934866
0.9876953125 7.20943528951578
0.989453125 7.23482556564908
0.9912109375 7.26030526156302
0.99296875 7.28587469217725
0.9947265625 7.31153417352054
0.996484375 7.33728402273463
0.9982421875 7.36312455807816
1 7.38905609893065
