0.1 1.22140275816017
0.10087890625 1.22355164331127
0.1017578125 1.22570430912142
0.10263671875 1.22786076224215
0.103515625 1.2300210093367
0.10439453125 1.23218505708004
0.1052734375 1.23435291215886
0.10615234375 1.23652458127163
0.10703125 1.23870007112861
0.10791015625 1.24087938845185
0.1087890625 1.24306253997524
0.10966796875 1.24524953244451
0.110546875 1.24744037261725
0.11142578125 1.24963506726297
0.1123046875 1.25183362316305
0.11318359375 1.25403604711084
0.1140625 1.2562423459116
0.11494140625 1.2584525263826
0.1158203125 1.26066659535308
0.11669921875 1.26288455966431
0.117578125 1.26510642616959
0.11845703125 1.26733220173428
0.1193359375 1.26956189323581
0.12021484375 1.27179550756372
0.12109375 1.27403305161966
0.12197265625 1.27627453231744
0.1228515625 1.27851995658302
0.12373046875 1.28076933135455
0.124609375 1.28302266358239
0.12548828125 1.28527996022911
0.1263671875 1.28754122826956
0.12724609375 1.28980647469083
0.128125 1.29207570649233
0.12900390625 1.29434893068576
0.1298828125 1.29662615429518
0.13076171875 1.29890738435698
0.131640625 1.30119262791997
0.13251953125 1.30348189204531
0.1333984375 1.30577518380663
0.13427734375 1.30807251028998
0.13515625 1.31037387859387
0.13603515625 1.31267929582933
0.1369140625 1.31498876911987
0.13779296875 1.31730230560154
0.138671875 1.31961991242296
0.13955078125 1.32194159674531
0.1404296875 1.32426736574238
0.14130859375 1.32659722660058
0.1421875 1.32893118651894
0.14306640625 1.3312692527092
0.1439453125 1.33361143239575
0.14482421875 1.33595773281571
0.145703125 1.33830816121892
0.14658203125 1.34066272486799
0.1474609375 1.34302143103829
0.14833984375 1.34538428701801
0.14921875 1.34775130010815
0.15009765625 1.35012247762255
0.1509765625 1.35249782688793
0.15185546875 1.35487735524389
0.152734375 1.35726107004295
0.15361328125 1.35964897865057
0.1544921875 1.36204108844515
0.15537109375 1.36443740681809
0.15625 1.3668379411738
0.15712890625 1.36924269892968
0.1580078125 1.37165168751622
0.15888671875 1.37406491437697
0.159765625 1.37648238696856
0.16064453125 1.37890411276076
0.1615234375 1.38133009923648
0.16240234375 1.38376035389178
0.16328125 1.38619488423592
0.16416015625 1.38863369779137
0.1650390625 1.39107680209382
0.16591796875 1.39352420469226
0.166796875 1.39597591314891
0.16767578125 1.39843193503933
0.1685546875 1.40089227795238
0.16943359375 1.4033569494903
0.1703125 1.4058259572687
0.17119140625 1.40829930891656
0.1720703125 1.41077701207632
0.17294921875 1.41325907440384
0.173828125 1.41574550356847
0.17470703125 1.41823630725302
0.1755859375 1.42073149315386
0.17646484375 1.42323106898086
0.17734375 1.42573504245749
0.17822265625 1.42824342132078
0.1791015625 1.43075621332139
0.17998046875 1.43327342622361
0.180859375 1.43579506780539
0.18173828125 1.43832114585836
0.1826171875 1.44085166818787
0.18349609375 1.44338664261298
0.184375 1.44592607696654
0.18525390625 1.44846997909516
0.1861328125 1.45101835685924
0.18701171875 1.45357121813305
0.187890625 1.45612857080467
0.18876953125 1.45869042277609
0.1896484375 1.46125678196319
0.19052734375 1.46382765629577
0.19140625 1.4664030537176
0.19228515625 1.46898298218641
0.1931640625 1.47156744967393
0.19404296875 1.47415646416593
0.194921875 1.47675003366221
0.19580078125 1.47934816617666
0.1966796875 1.48195086973727
0.19755859375 1.48455815238614
0.1984375 1.48717002217953
0.19931640625 1.48978648718788
0.2001953125 1.4924075554958
0.20107421875 1.49503323520216
0.201953125 1.49766353442005
0.20283203125 1.50029846127686
0.2037109375 1.50293802391426
0.20458984375 1.50558223048824
0.20546875 1.50823108916916
0.20634765625 1.51088460814174
0.2072265625 1.5135427956051
0.20810546875 1.51620565977279
0.208984375 1.51887320887282
0.20986328125 1.52154545114765
0.2107421875 1.52422239485425
0.21162109375 1.52690404826415
0.2125 1.52959041966338
0.21337890625 1.53228151735259
0.2142578125 1.534977349647
0.21513671875 1.5376779248765
0.216015625 1.5403832513856
0.21689453125 1.5430933375335
0.2177734375 1.54580819169412
0.21865234375 1.5485278222561
0.21953125 1.55125223762284
0.22041015625 1.55398144621252
0.2212890625 1.55671545645815
0.22216796875 1.55945427680755
0.223046875 1.56219791572343
0.22392578125 1.56494638168336
0.2248046875 1.56769968317986
0.22568359375 1.57045782872035
0.2265625 1.57322082682725
0.22744140625 1.57598868603797
0.2283203125 1.57876141490492
0.22919921875 1.58153902199558
0.230078125 1.58432151589249
0.23095703125 1.58710890519329
0.2318359375 1.58990119851075
0.23271484375 1.5926984044728
0.23359375 1.59550053172254
0.23447265625 1.59830758891828
0.2353515625 1.60111958473356
0.23623046875 1.60393652785717
0.237109375 1.60675842699322
0.23798828125 1.60958529086109
0.2388671875 1.61241712819554
0.23974609375 1.61525394774667
0.240625 1.61809575827999
0.24150390625 1.62094256857642
0.2423828125 1.62379438743235
0.24326171875 1.62665122365961
0.244140625 1.62951308608556
0.24501953125 1.6323799835531
0.2458984375 1.63525192492065
0.24677734375 1.63812891906225
0.24765625 1.64101097486755
0.24853515625 1.64389810124181
0.2494140625 1.64679030710599
0.25029296875 1.64968760139673
0.251171875 1.65258999306639
0.25205078125 1.6554974910831
0.2529296875 1.65841010443075
0.25380859375 1.66132784210903
0.2546875 1.66425071313348
0.25556640625 1.6671787265355
0.2564453125 1.67011189136237
0.25732421875 1.67305021667729
0.258203125 1.67599371155942
0.25908203125 1.67894238510387
0.2599609375 1.68189624642176
0.26083984375 1.68485530464025
0.26171875 1.68781956890255
0.26259765625 1.69078904836796
0.2634765625 1.69376375221188
0.26435546875 1.69674368962587
0.265234375 1.69972886981766
0.26611328125 1.70271930201117
0.2669921875 1.70571499544655
0.26787109375 1.70871595938022
0.26875 1.71172220308486
0.26962890625 1.7147337358495
0.2705078125 1.71775056697947
0.27138671875 1.72077270579651
0.272265625 1.72380016163873
0.27314453125 1.72683294386069
0.2740234375 1.72987106183341
0.27490234375 1.73291452494437
0.27578125 1.73596334259759
0.27666015625 1.73901752421363
0.2775390625 1.74207707922963
0.27841796875 1.74514201709932
0.279296875 1.74821234729306
0.28017578125 1.75128807929789
0.2810546875 1.75436922261753
0.28193359375 1.75745578677243
0.2828125 1.76054778129976
0.28369140625 1.76364521575352
0.2845703125 1.76674809970446
0.28544921875 1.76985644274022
0.286328125 1.77297025446528
0.28720703125 1.77608954450102
0.2880859375 1.77921432248576
0.28896484375 1.78234459807476
0.28984375 1.78548038094029
0.29072265625 1.78862168077161
0.2916015625 1.79176850727504
0.29248046875 1.79492087017398
0.293359375 1.79807877920893
0.29423828125 1.80124224413754
0.2951171875 1.80441127473461
0.29599609375 1.80758588079215
0.296875 1.81076607211939
0.29775390625 1.81395185854282
0.2986328125 1.81714324990622
0.29951171875 1.82034025607069
0.300390625 1.82354288691468
0.30126953125 1.82675115233401
0.3021484375 1.82996506224192
0.30302734375 1.83318462656909
0.30390625 1.83640985526367
0.30478515625 1.83964075829131
0.3056640625 1.84287734563519
0.30654296875 1.84611962729607
0.307421875 1.84936761329229
0.30830078125 1.85262131365981
0.3091796875 1.85588073845228
0.31005859375 1.85914589774099
0.3109375 1.86241680161499
0.31181640625 1.86569346018106
0.3126953125 1.86897588356376
0.31357421875 1.87226408190548
0.314453125 1.87555806536643
0.31533203125 1.87885784412471
0.3162109375 1.88216342837633
0.31708984375 1.88547482833524
0.31796875 1.88879205423334
0.31884765625 1.89211511632054
0.3197265625 1.89544402486481
0.32060546875 1.89877879015214
0.321484375 1.90211942248666
0.32236328125 1.90546593219059
0.3232421875 1.90881832960435
0.32412109375 1.91217662508651
0.325 1.9155408290139
0.32587890625 1.91891095178158
0.3267578125 1.92228700380292
0.32763671875 1.92566899550961
0.328515625 1.92905693735167
0.32939453125 1.93245083979753
0.3302734375 1.93585071333402
0.33115234375 1.93925656846643
0.33203125 1.94266841571854
0.33291015625 1.94608626563263
0.3337890625 1.94951012876953
0.33466796875 1.95294001570866
0.335546875 1.95637593704804
0.33642578125 1.95981790340434
0.3373046875 1.96326592541292
0.33818359375 1.96672001372785
0.3390625 1.97018017902192
0.33994140625 1.97364643198672
0.3408203125 1.97711878333264
0.34169921875 1.98059724378893
0.342578125 1.98408182410369
0.34345703125 1.98757253504395
0.3443359375 1.99106938739569
0.34521484375 1.99457239196383
0.34609375 1.99808155957234
0.34697265625 2.00159690106421
0.3478515625 2.00511842730152
0.34873046875 2.00864614916544
0.349609375 2.01218007755631
0.35048828125 2.01572022339364
0.3513671875 2.01926659761613
0.35224609375 2.02281921118175
0.353125 2.02637807506773
0.35400390625 2.02994320027064
0.3548828125 2.03351459780638
0.35576171875 2.03709227871022
0.356640625 2.04067625403686
0.35751953125 2.04426653486044
0.3583984375 2.0478631322746
0.35927734375 2.05146605739248
0.36015625 2.05507532134679
0.36103515625 2.05869093528979
0.3619140625 2.06231291039341
0.36279296875 2.06594125784919
0.363671875 2.0695759888684
0.36455078125 2.07321711468201
0.3654296875 2.07686464654075
0.36630859375 2.08051859571515
0.3671875 2.08417897349557
0.36806640625 2.08784579119223
0.3689453125 2.09151906013526
0.36982421875 2.0951987916747
0.370703125 2.09888499718058
0.37158203125 2.10257768804292
0.3724609375 2.1062768756718
0.37333984375 2.10998257149735
0.37421875 2.11369478696983
0.37509765625 2.11741353355962
0.3759765625 2.12113882275731
0.37685546875 2.12487066607368
0.377734375 2.12860907503978
0.37861328125 2.13235406120694
0.3794921875 2.13610563614682
0.38037109375 2.13986381145142
0.38125 2.14362859873316
0.38212890625 2.14740000962487
0.3830078125 2.15117805577985
0.38388671875 2.15496274887191
0.384765625 2.15875410059539
0.38564453125 2.16255212266522
0.3865234375 2.16635682681692
0.38740234375 2.17016822480667
0.38828125 2.17398632841132
0.38916015625 2.17781114942847
0.3900390625 2.18164269967644
0.39091796875 2.18548099099437
0.391796875 2.1893260352422
0.39267578125 2.19317784430077
0.3935546875 2.1970364300718
0.39443359375 2.20090180447796
0.3953125 2.20477397946288
0.39619140625 2.20865296699123
0.3970703125 2.21253877904871
0.39794921875 2.21643142764211
0.398828125 2.22033092479934
0.39970703125 2.22423728256949
0.4005859375 2.22815051302284
0.40146484375 2.23207062825089
0.40234375 2.23599764036643
0.40322265625 2.23993156150355
0.4041015625 2.24387240381771
0.40498046875 2.24782017948574
0.405859375 2.25177490070588
0.40673828125 2.25573657969785
0.4076171875 2.25970522870287
0.40849609375 2.26368085998369
0.409375 2.26766348582462
0.41025390625 2.27165311853162
0.4111328125 2.27564977043227
0.41201171875 2.27965345387584
0.412890625 2.28366418123335
0.41376953125 2.28768196489755
0.4146484375 2.29170681728302
0.41552734375 2.29573875082617
0.41640625 2.29977777798531
0.41728515625 2.30382391124063
0.4181640625 2.30787716309431
0.41904296875 2.31193754607052
0.419921875 2.31600507271546
0.42080078125 2.3200797555974
0.4216796875 2.32416160730672
0.42255859375 2.32825064045596
0.4234375 2.33234686767985
0.42431640625 2.33645030163534
0.4251953125 2.34056095500166
0.42607421875 2.34467884048033
0.426953125 2.34880397079524
0.42783203125 2.35293635869265
0.4287109375 2.35707601694124
0.42958984375 2.36122295833217
0.43046875 2.3653771956791
0.43134765625 2.36953874181823
0.4322265625 2.37370760960834
0.43310546875 2.37788381193084
0.433984375 2.38206736168979
0.43486328125 2.38625827181199
0.4357421875 2.39045655524693
0.43662109375 2.39466222496693
0.4375 2.3988752939671
0.43837890625 2.40309577526543
0.4392578125 2.4073236819028
0.44013671875 2.41155902694305
0.441015625 2.415801823473
0.44189453125 2.42005208460249
0.4427734375 2.42430982346442
0.44365234375 2.4285750532148
0.44453125 2.43284778703279
0.44541015625 2.43712803812074
0.4462890625 2.44141581970421
0.44716796875 2.44571114503204
0.448046875 2.4500140273764
0.44892578125 2.45432448003277
0.4498046875 2.45864251632005
0.45068359375 2.46296814958056
0.4515625 2.4673013931801
0.45244140625 2.47164226050799
0.4533203125 2.47599076497709
0.45419921875 2.48034692002387
0.455078125 2.48471073910844
0.45595703125 2.48908223571459
0.4568359375 2.49346142334984
0.45771484375 2.49784831554545
0.45859375 2.50224292585651
0.45947265625 2.50664526786195
0.4603515625 2.5110553551646
0.46123046875 2.5154732013912
0.462109375 2.51989882019248
0.46298828125 2.52433222524319
0.4638671875 2.52877343024213
0.46474609375 2.53322244891221
0.465625 2.53767929500047
0.46650390625 2.54214398227814
0.4673828125 2.54661652454069
0.46826171875 2.55109693560785
0.469140625 2.55558522932368
0.47001953125 2.56008141955656
0.4708984375 2.56458552019931
0.47177734375 2.56909754516917
0.47265625 2.57361750840788
0.47353515625 2.57814542388168
0.4744140625 2.58268130558142
0.47529296875 2.58722516752254
0.476171875 2.59177702374514
0.47705078125 2.59633688831403
0.4779296875 2.60090477531876
0.47880859375 2.60548069887368
0.4796875 2.61006467311794
0.48056640625 2.61465671221561
0.4814453125 2.61925683035564
0.48232421875 2.62386504175197
0.483203125 2.62848136064353
0.48408203125 2.63310580129432
0.4849609375 2.63773837799342
0.48583984375 2.64237910505506
0.48671875 2.64702799681864
0.48759765625 2.6516850676488
0.4884765625 2.65635033193544
0.48935546875 2.66102380409381
0.490234375 2.66570549856447
0.49111328125 2.67039542981343
0.4919921875 2.67509361233214
0.49287109375 2.67980006063752
0.49375 2.68451478927207
0.49462890625 2.68923781280385
0.4955078125 2.69396914582655
0.49638671875 2.69870880295955
0.497265625 2.70345679884794
0.49814453125 2.70821314816259
0.4990234375 2.71297786560015
0.49990234375 2.71775096588316
0.50078125 2.72253246376005
0.50166015625 2.72732237400519
0.5025390625 2.73212071141895
0.50341796875 2.73692749082775
0.504296875 2.74174272708408
0.50517578125 2.74656643506656
0.5060546875 2.75139862967999
0.50693359375 2.75623932585541
0.5078125 2.7610885385501
0.50869140625 2.76594628274768
0.5095703125 2.77081257345811
0.51044921875 2.77568742571777
0.511328125 2.78057085458951
0.51220703125 2.78546287516264
0.5130859375 2.79036350255306
0.51396484375 2.79527275190323
0.51484375 2.80019063838228
0.51572265625 2.80511717718601
0.5166015625 2.81005238353697
0.51748046875 2.81499627268446
0.518359375 2.81994885990465
0.51923828125 2.82491016050056
0.5201171875 2.82988018980214
0.52099609375 2.8348589631663
0.521875 2.839846495977
0.52275390625 2.84484280364524
0.5236328125 2.84984790160913
0.52451171875 2.85486180533396
0.525390625 2.85988453031221
0.52626953125 2.86491609206364
0.5271484375 2.86995650613528
0.52802734375 2.87500578810155
0.52890625 2.88006395356425
0.52978515625 2.88513101815263
0.5306640625 2.89020699752345
0.53154296875 2.89529190736099
0.532421875 2.90038576337716
0.53330078125 2.90548858131149
0.5341796875 2.9106003769312
0.53505859375 2.91572116603125
0.5359375 2.92085096443441
0.53681640625 2.92598978799127
0.5376953125 2.9311376525803
0.53857421875 2.93629457410792
0.539453125 2.94146056850853
0.54033203125 2.94663565174457
0.5412109375 2.95181983980656
0.54208984375 2.95701314871314
0.54296875 2.96221559451115
0.54384765625 2.96742719327566
0.5447265625 2.97264796111001
0.54560546875 2.97787791414589
0.546484375 2.98311706854335
0.54736328125 2.98836544049089
0.5482421875 2.99362304620549
0.54912109375 2.99888990193264
0.55 3.00416602394643
0.55087890625 3.00945142854959
0.5517578125 3.01474613207351
0.55263671875 3.02005015087833
0.553515625 3.02536350135297
0.55439453125 3.03068619991517
0.5552734375 3.03601826301158
0.55615234375 3.04135970711776
0.55703125 3.04671054873827
0.55791015625 3.05207080440671
0.5587890625 3.05744049068576
0.55966796875 3.06281962416725
0.560546875 3.06820822147218
0.56142578125 3.07360629925082
0.5623046875 3.07901387418272
0.56318359375 3.08443096297677
0.5640625 3.08985758237127
0.56494140625 3.09529374913396
0.5658203125 3.10073948006207
0.56669921875 3.10619479198241
0.567578125 3.11165970175138
0.56845703125 3.11713422625502
0.5693359375 3.1226183824091
0.57021484375 3.12811218715915
0.57109375 3.1336156574805
0.57197265625 3.13912881037836
0.5728515625 3.14465166288785
0.57373046875 3.15018423207407
0.574609375 3.15572653503212
0.57548828125 3.16127858888721
0.5763671875 3.16684041079464
0.57724609375 3.17241201793994
0.578125 3.17799342753884
0.57900390625 3.18358465683736
0.5798828125 3.18918572311189
0.58076171875 3.19479664366917
0.581640625 3.20041743584644
0.58251953125 3.2060481170114
0.5833984375 3.21168870456233
0.58427734375 3.21733921592811
0.58515625 3.22299966856829
0.58603515625 3.22867007997313
0.5869140625 3.23435046766367
0.58779296875 3.24004084919178
0.588671875 3.24574124214018
0.58955078125 3.25145166412256
0.5904296875 3.25717213278359
0.59130859375 3.26290266579896
0.5921875 3.26864328087549
0.59306640625 3.27439399575114
0.5939453125 3.28015482819507
0.59482421875 3.2859257960077
0.595703125 3.2917069170208
0.59658203125 3.29749820909746
0.5974609375 3.30329969013225
0.59833984375 3.30911137805118
0.59921875 3.31493329081183
0.60009765625 3.32076544640335
0.6009765625 3.32660786284655
0.60185546875 3.33246055819396
0.602734375 3.33832355052985
0.60361328125 3.3441968579703
0.6044921875 3.35008049866329
0.60537109375 3.3559744907887
0.60625 3.36187885255843
0.60712890625 3.36779360221638
0.6080078125 3.37371875803858
0.60888671875 3.3796543383332
0.609765625 3.38560036144062
0.61064453125 3.39155684573349
0.6115234375 3.39752380961679
0.61240234375 3.40350127152786
0.61328125 3.40948924993651
0.61416015625 3.41548776334502
0.6150390625 3.42149683028823
0.61591796875 3.42751646933359
0.616796875 3.43354669908122
0.61767578125 3.43958753816396
0.6185546875 3.44563900524742
0.61943359375 3.45170111903008
0.6203125 3.45777389824329
0.62119140625 3.46385736165136
0.6220703125 3.46995152805163
0.62294921875 3.47605641627449
0.623828125 3.48217204518346
0.62470703125 3.48829843367528
0.6255859375 3.49443560067989
0.62646484375 3.50058356516056
0.62734375 3.50674234611393
0.62822265625 3.51291196257004
0.6291015625 3.51909243359244
0.62998046875 3.52528377827818
0.630859375 3.53148601575794
0.63173828125 3.53769916519605
0.6326171875 3.54392324579056
0.63349609375 3.55015827677328
0.634375 3.55640427740987
0.63525390625 3.56266126699989
0.6361328125 3.56892926487683
0.63701171875 3.57520829040824
0.637890625 3.58149836299569
0.63876953125 3.58779950207491
0.6396484375 3.59411172711585
0.64052734375 3.60043505762266
0.64140625 3.60676951313386
0.64228515625 3.6131151132223
0.6431640625 3.61947187749529
0.64404296875 3.62583982559464
0.644921875 3.6322189771967
0.64580078125 3.63860935201245
0.6466796875 3.64501096978754
0.64755859375 3.65142385030237
0.6484375 3.65784801337213
0.64931640625 3.66428347884688
0.6501953125 3.67073026661161
0.65107421875 3.67718839658627
0.651953125 3.68365788872587
0.65283203125 3.69013876302055
0.6537109375 3.69663103949558
0.65458984375 3.70313473821149
0.65546875 3.7096498792641
0.65634765625 3.71617648278457
0.6572265625 3.72271456893949
0.65810546875 3.72926415793094
0.658984375 3.73582526999652
0.65986328125 3.74239792540945
0.6607421875 3.74898214447862
0.66162109375 3.75557794754863
0.6625 3.76218535499991
0.66337890625 3.76880438724871
0.6642578125 3.77543506474722
0.66513671875 3.78207740798361
0.666015625 3.78873143748208
0.66689453125 3.79539717380297
0.6677734375 3.80207463754276
0.66865234375 3.8087638493342
0.66953125 3.81546482984632
0.67041015625 3.8221775997845
0.6712890625 3.82890217989058
0.67216796875 3.83563859094287
0.673046875 3.84238685375625
0.67392578125 3.84914698918221
0.6748046875 3.85591901810894
0.67568359375 3.86270296146136
0.6765625 3.86949884020122
0.67744140625 3.87630667532714
0.6783203125 3.88312648787469
0.67919921875 3.88995829891644
0.680078125 3.89680212956205
0.68095703125 3.90365800095831
0.6818359375 3.91052593428921
0.68271484375 3.91740595077602
0.68359375 3.92429807167734
0.68447265625 3.93120231828917
0.6853515625 3.93811871194498
0.68623046875 3.94504727401578
0.687109375 3.95198802591016
0.68798828125 3.95894098907441
0.6888671875 3.96590618499251
0.68974609375 3.97288363518626
0.690625 3.97987336121533
0.69150390625 3.98687538467731
0.6923828125 3.99388972720779
0.69326171875 4.00091641048043
0.694140625 4.00795545620701
0.69501953125 4.01500688613752
0.6958984375 4.02207072206022
0.69677734375 4.02914698580169
0.69765625 4.03623569922692
0.69853515625 4.04333688423936
0.6994140625 4.050450562781
0.70029296875 4.05757675683244
0.701171875 4.06471548841295
0.70205078125 4.07186677958052
0.7029296875 4.07903065243199
0.70380859375 4.08620712910303
0.7046875 4.09339623176828
0.70556640625 4.1005979826414
0.7064453125 4.1078124039751
0.70732421875 4.11503951806128
0.708203125 4.12227934723103
0.70908203125 4.12953191385474
0.7099609375 4.13679724034216
0.71083984375 4.14407534914246
0.71171875 4.1513662627443
0.71259765625 4.15867000367593
0.7134765625 4.16598659450521
0.71435546875 4.17331605783972
0.715234375 4.18065841632681
0.71611328125 4.18801369265366
0.7169921875 4.1953819095474
0.71787109375 4.20276308977512
0.71875 4.21015725614396
0.71962890625 4.2175644315012
0.7205078125 4.22498463873432
0.72138671875 4.23241790077105
0.722265625 4.23986424057948
0.72314453125 4.24732368116808
0.7240234375 4.25479624558582
0.72490234375 4.26228195692224
0.72578125 4.26978083830745
0.72666015625 4.27729291291231
0.7275390625 4.28481820394841
0.72841796875 4.29235673466819
0.729296875 4.29990852836501
0.73017578125 4.30747360837318
0.7310546875 4.31505199806809
0.73193359375 4.32264372086625
0.7328125 4.33024880022537
0.73369140625 4.33786725964442
0.7345703125 4.34549912266372
0.73544921875 4.35314441286502
0.736328125 4.36080315387153
0.73720703125 4.36847536934805
0.7380859375 4.37616108300098
0.73896484375 4.38386031857848
0.73984375 4.39157309987043
0.74072265625 4.39929945070861
0.7416015625 4.40703939496672
0.74248046875 4.41479295656045
0.743359375 4.42256015944757
0.74423828125 4.43034102762801
0.7451171875 4.43813558514392
0.74599609375 4.44594385607974
0.746875 4.45376586456229
0.74775390625 4.46160163476085
0.7486328125 4.46945119088719
0.74951171875 4.47731455719571
0.750390625 4.48519175798347
0.75126953125 4.49308281759027
0.7521484375 4.50098776039875
0.75302734375 4.50890661083443
0.75390625 4.5168393933658
0.75478515625 4.52478613250443
0.7556640625 4.53274685280497
0.75654296875 4.54072157886532
0.757421875 4.54871033532661
0.75830078125 4.55671314687335
0.7591796875 4.56473003823348
0.76005859375 4.57276103417842
0.7609375 4.5808061595232
0.76181640625 4.5888654391265
0.7626953125 4.59693889789073
0.76357421875 4.60502656076212
0.764453125 4.61312845273077
0.76533203125 4.62124459883078
0.7662109375 4.62937502414026
0.76708984375 4.63751975378147
0.76796875 4.64567881292084
0.76884765625 4.6538522267691
0.7697265625 4.66204002058133
0.77060546875 4.67024221965704
0.771484375 4.67845884934025
0.77236328125 4.68668993501956
0.7732421875 4.69493550212826
0.77412109375 4.70319557614437
0.775 4.71147018259074
0.77587890625 4.71975934703512
0.7767578125 4.72806309509024
0.77763671875 4.73638145241391
0.778515625 4.74471444470907
0.77939453125 4.75306209772386
0.7802734375 4.76142443725175
0.78115234375 4.76980148913159
0.78203125 4.77819327924767
0.78291015625 4.78659983352982
0.7837890625 4.79502117795352
0.78466796875 4.80345733853991
0.785546875 4.81190834135594
0.78642578125 4.82037421251441
0.7873046875 4.82885497817406
0.78818359375 4.83735066453965
0.7890625 4.84586129786206
0.78994140625 4.85438690443834
0.7908203125 4.8629275106118
0.79169921875 4.87148314277212
0.792578125 4.88005382735539
0.79345703125 4.88863959084421
0.7943359375 4.89724045976779
0.79521484375 4.90585646070199
0.79609375 4.91448762026946
0.79697265625 4.92313396513964
0.7978515625 4.93179552202894
0.79873046875 4.94047231770075
0.799609375 4.94916437896554
0.80048828125 4.95787173268097
0.8013671875 4.96659440575193
0.80224609375 4.97533242513067
0.803125 4.98408581781683
0.80400390625 4.99285461085757
0.8048828125 5.00163883134764
0.80576171875 5.01043850642945
0.806640625 5.01925366329317
0.80751953125 5.02808432917678
0.8083984375 5.03693053136623
0.80927734375 5.04579229719544
0.81015625 5.05466965404642
0.81103515625 5.06356262934938
0.8119140625 5.07247125058277
0.81279296875 5.08139554527338
0.813671875 5.09033554099644
0.81455078125 5.0992912653757
0.8154296875 5.1082627460835
0.81630859375 5.11725001084087
0.8171875 5.1262530874176
0.81806640625 5.13527200363236
0.8189453125 5.14430678735273
0.81982421875 5.15335746649536
0.820703125 5.16242406902599
0.82158203125 5.17150662295956
0.8224609375 5.1806051563603
0.82333984375 5.18971969734183
0.82421875 5.19885027406721
0.82509765625 5.20799691474907
0.8259765625 5.21715964764966
0.82685546875 5.22633850108096
0.827734375 5.23553350340476
0.82861328125 5.24474468303276
0.8294921875 5.25397206842661
0.83037109375 5.26321568809809
0.83125 5.27247557060909
0.83212890625 5.28175174457178
0.8330078125 5.29104423864867
0.83388671875 5.30035308155267
0.834765625 5.30967830204724
0.83564453125 5.31901992894643
0.8365234375 5.32837799111499
0.83740234375 5.33775251746843
0.83828125 5.34714353697317
0.83916015625 5.35655107864656
0.8400390625 5.36597517155702
0.84091796875 5.37541584482412
0.841796875 5.38487312761863
0.84267578125 5.39434704916267
0.8435546875 5.40383763872976
0.84443359375 5.41334492564493
0.8453125 5.42286893928479
0.84619140625 5.43240970907766
0.8470703125 5.4419672645036
0.84794921875 5.45154163509456
0.848828125 5.46113285043445
0.84970703125 5.4707409401592
0.8505859375 5.48036593395692
0.85146484375 5.49000786156793
0.85234375 5.49966675278486
0.85322265625 5.50934263745279
0.8541015625 5.51903554546927
0.85498046875 5.52874550678449
0.855859375 5.53847255140131
0.85673828125 5.54821670937537
0.8576171875 5.55797801081521
0.85849609375 5.56775648588231
0.859375 5.57755216479126
0.86025390625 5.58736507780977
0.8611328125 5.59719525525881
0.86201171875 5.60704272751271
0.862890625 5.61690752499922
0.86376953125 5.62678967819965
0.8646484375 5.6366892176489
0.86552734375 5.64660617393562
0.86640625 5.65654057770227
0.86728515625 5.66649245964522
0.8681640625 5.67646185051485
0.86904296875 5.68644878111563
0.869921875 5.69645328230623
0.87080078125 5.70647538499961
0.8716796875 5.71651512016314
0.87255859375 5.72657251881864
0.8734375 5.73664761204252
0.87431640625 5.74674043096588
0.8751953125 5.75685100677456
0.87607421875 5.7669793707093
0.876953125 5.77712555406578
0.87783203125 5.78728958819474
0.8787109375 5.79747150450211
0.87958984375 5.80767133444903
0.88046875 5.81788910955202
0.88134765625 5.82812486138304
0.8822265625 5.83837862156959
0.88310546875 5.84865042179483
0.883984375 5.85894029379765
0.88486328125 5.86924826937277
0.8857421875 5.87957438037088
0.88662109375 5.88991865869868
0.8875 5.90028113631902
0.88837890625 5.91066184525096
0.8892578125 5.92106081756993
0.89013671875 5.93147808540776
0.891015625 5.94191368095283
0.89189453125 5.95236763645014
0.8927734375 5.96283998420144
0.89365234375 5.97333075656527
0.89453125 5.98383998595715
0.89541015625 5.99436770484959
0.8962890625 6.00491394577226
0.89716796875 6.01547874131204
0.898046875 6.02606212411316
0.89892578125 6.03666412687726
0.8998046875 6.04728478236354
0.90068359375 6.05792412338882
0.9015625 6.06858218282765
0.90244140625 6.07925899361244
0.9033203125 6.08995458873351
0.90419921875 6.10066900123926
0.905078125 6.1114022642362
0.90595703125 6.12215441088911
0.9068359375 6.13292547442109
0.90771484375 6.14371548811373
0.90859375 6.15452448530714
0.90947265625 6.1653524994001
0.9103515625 6.17619956385016
0.91123046875 6.18706571217372
0.912109375 6.19795097794615
0.91298828125 6.20885539480189
0.9138671875 6.21977899643458
0.91474609375 6.23072181659709
0.915625 6.24168388910172
0.91650390625 6.25266524782023
0.9173828125 6.26366592668398
0.91826171875 6.27468595968404
0.919140625 6.28572538087126
0.92001953125 6.29678422435642
0.9208984375 6.30786252431029
0.92177734375 6.31896031496378
0.92265625 6.33007763060801
0.92353515625 6.34121450559443
0.9244140625 6.35237097433495
0.92529296875 6.36354707130199
0.926171875 6.37474283102864
0.92705078125 6.38595828810874
0.9279296875 6.397193477197
0.92880859375 6.40844843300908
0.9296875 6.41972319032174
0.93056640625 6.43101778397291
0.9314453125 6.44233224886182
0.93232421875 6.4536666199491
0.933203125 6.46502093225689
0.93408203125 6.47639522086893
0.9349609375 6.48778952093071
0.93583984375 6.49920386764954
0.93671875 6.51063829629467
0.93759765625 6.5220928421974
0.9384765625 6.53356754075121
0.93935546875 6.54506242741182
0.940234375 6.55657753769736
0.94111328125 6.56811290718842
0.9419921875 6.57966857152821
0.94287109375 6.59124456642263
0.94375 6.60284092764043
0.94462890625 6.61445769101325
0.9455078125 6.62609489243581
0.94638671875 6.63775256786596
0.947265625 6.64943075332481
0.94814453125 6.66112948489685
0.9490234375 6.67284879873007
0.94990234375 6.68458873103603
0.95078125 6.69634931809001
0.95166015625 6.70813059623112
0.9525390625 6.7199326018624
0.95341796875 6.73175537145092
0.954296875 6.74359894152794
0.95517578125 6.75546334868896
0.9560546875 6.76734862959388
0.95693359375 6.7792548209671
0.9578125 6.79118195959762
0.95869140625 6.80313008233919
0.9595703125 6.81509922611036
0.96044921875 6.82708942789466
0.961328125 6.83910072474069
0.96220703125 6.85113315376221
0.9630859375 6.8631867521383
0.96396484375 6.87526155711344
0.96484375 6.88735760599763
0.96572265625 6.89947493616652
0.9666015625 6.91161358506153
0.96748046875 6.92377359018992
0.968359375 6.93595498912497
0.96923828125 6.94815781950605
0.9701171875 6.96038211903875
0.97099609375 6.97262792549501
0.971875 6.9848952767132
0.97275390625 6.9971842105983
0.9736328125 7.00949476512193
0.97451171875 7.02182697832256
0.975390625 7.03418088830555
0.97626953125 7.04655653324333
0.9771484375 7.05895395137547
0.97802734375 7.07137318100881
0.97890625 7.08381426051761
0.97978515625 7.09627722834362
0.9806640625 7.10876212299625
0.98154296875 7.12126898305264
0.982421875 7.13379784715779
0.98330078125 7.14634875402473
0.9841796875 7.15892174243456
0.98505859375 7.17151685123664
0.9859375 7.18413411934866
0.98681640625 7.19677358575679
0.9876953125 7.20943528951578
0.98857421875 7.22211926974911
0.989453125 7.23482556564908
0.99033203125 7.24755421647694
0.9912109375 7.26030526156302
0.99208984375 7.27307874030684
0.99296875 7.28587469217725
0.99384765625 7.29869315671254
0.9947265625 7.31153417352054
0.99560546875 7.32439778227879
0.996484375 7.33728402273463
0.99736328125 7.35019293470531
0.9982421875 7.36312455807816
0.99912109375 7.37607893281068
1 7.38905609893065
