0.1 0.089472777777786 1 0.366666666666667
0.01 0.00559204861112761 2 0.183333333333333
0.001 0.000349503038183485 3 0.0916666666666667
0.0001 2.18439398942394e-05 4 0.0458333333333333
1e-05 1.36524628402412e-06 5 0.0229166666666667
1e-06 8.53278798729207e-08 6 0.0114583333333333
1e-07 8.53278798729207e-08 6 0.0114583333333333
1e-08 5.33284705284132e-09 7 0.00572916666666667
1e-09 3.33375993477603e-10 8 0.00286458333333333
1e-10 2.14690487609914e-11 9 0.00143229166666667
1e-11 1.08357767203415e-12 10 0.000716145833333333
1e-12 2.32702745961433e-12 11 0.000358072916666667
