0.1 0.0129654784437 3 0.000796503999574
0.01 0.00159285847447 4 3.1801521132e-05
0.001 0.000197871859996 5 1.41194207259e-06
0.0001 2.46726936446e-05 6 7.00444040547e-08
1e-05 3.08075676614e-06 7 3.80564557645e-09
1e-06 3.8490215104e-07 8 2.19937845714e-10
1e-07 4.81012456532e-08 9 1.31699096073e-11
1e-08 6.0119376144e-09 10 8.20676859803e-13
1e-09 7.51310125224e-10 11 2.09610107049e-13
1e-10 9.40652000736e-11 12 1.74082970261e-13
1e-11 1.05160324892e-12 14 5.82645043323e-13
1e-12 2.35544916904e-12 15 2.84217094304e-12
