0 1
0.01 1.05469
0.02 1.1077
0.03 1.15903
0.04 1.2087
0.05 1.25674
0.06 1.30315
0.07 1.34795
0.08 1.39115
0.09 1.43278
0.1 1.47284
0.11 1.51135
0.12 1.54832
0.13 1.58378
0.14 1.61773
0.15 1.6502
0.16 1.68119
0.17 1.71072
0.18 1.73881
0.19 1.76547
0.2 1.79072
0.21 1.81457
0.22 1.83704
0.23 1.85815
0.24 1.8779
0.25 1.89632
0.26 1.91341
0.27 1.9292
0.28 1.9437
0.29 1.95692
0.3 1.96889
0.31 1.9796
0.32 1.98909
0.33 1.99737
0.34 2.00444
0.35 2.01034
0.36 2.01506
0.37 2.01863
0.38 2.02106
0.39 2.02237
0.4 2.02257
0.41 2.02168
0.42 2.01971
0.43 2.01668
0.44 2.0126
0.45 2.0075
0.46 2.00137
0.47 1.99424
0.48 1.98613
0.49 1.97705
0.5 1.96701
0.51 1.95604
0.52 1.94413
0.53 1.93132
0.54 1.91761
0.55 1.90303
0.56 1.88758
0.57 1.87128
0.58 1.85415
0.59 1.8362
0.6 1.81745
0.61 1.79791
0.62 1.77759
0.63 1.75652
0.64 1.73471
0.65 1.71217
0.66 1.68892
0.67 1.66498
0.68 1.64035
0.69 1.61506
0.7 1.58911
0.71 1.56253
0.72 1.53533
0.73 1.50753
0.74 1.47914
0.75 1.45017
0.76 1.42064
0.77 1.39057
0.78 1.35997
0.79 1.32885
0.8 1.29724
0.81 1.26515
0.82 1.23259
0.83 1.19957
0.84 1.16612
0.85 1.13225
0.86 1.09796
0.87 1.06329
0.88 1.02824
0.89 0.992834
0.9 0.957078
0.91 0.920992
0.92 0.88459
0.93 0.847888
0.94 0.810902
0.95 0.773646
0.96 0.736135
0.97 0.698385
0.98 0.660412
0.99 0.622229
1 0.583853
1.01 0.545299
1.02 0.506582
1.03 0.467717
1.04 0.42872
1.05 0.389605
1.06 0.350388
1.07 0.311085
1.08 0.27171
1.09 0.232278
1.1 0.192806
1.11 0.153307
1.12 0.113798
1.13 0.0742938
1.14 0.0348092
1.15 -0.00464026
1.16 -0.0440394
1.17 -0.083373
1.18 -0.122626
1.19 -0.161783
1.2 -0.200828
1.21 -0.239747
1.22 -0.278524
1.23 -0.317144
1.24 -0.355592
1.25 -0.393853
1.26 -0.431911
1.27 -0.469751
1.28 -0.507358
1.29 -0.544716
1.3 -0.581811
1.31 -0.618627
1.32 -0.655148
1.33 -0.691361
1.34 -0.727249
1.35 -0.762797
1.36 -0.797989
1.37 -0.832812
1.38 -0.867249
1.39 -0.901286
1.4 -0.934906
1.41 -0.968095
1.42 -1.00084
1.43 -1.03312
1.44 -1.06492
1.45 -1.09623
1.46 -1.12704
1.47 -1.15732
1.48 -1.18706
1.49 -1.21625
1.5 -1.24488
1.51 -1.27292
1.52 -1.30035
1.53 -1.32718
1.54 -1.35338
1.55 -1.37893
1.56 -1.40382
1.57 -1.42804
1.58 -1.45156
1.59 -1.47439
1.6 -1.49649
1.61 -1.51785
1.62 -1.53846
1.63 -1.55831
1.64 -1.57738
1.65 -1.59564
1.66 -1.6131
1.67 -1.62973
1.68 -1.64551
1.69 -1.66044
1.7 -1.6745
1.71 -1.68766
1.72 -1.69993
1.73 -1.71127
1.74 -1.72168
1.75 -1.73114
1.76 -1.73964
1.77 -1.74715
1.78 -1.75368
1.79 -1.75919
1.8 -1.76367
1.81 -1.76712
1.82 -1.76951
1.83 -1.77083
1.84 -1.77106
1.85 -1.77019
1.86 -1.7682
1.87 -1.76508
1.88 -1.76081
1.89 -1.75539
1.9 -1.74878
1.91 -1.74098
1.92 -1.73197
1.93 -1.72174
1.94 -1.71027
1.95 -1.69754
1.96 -1.68355
1.97 -1.66827
1.98 -1.65169
1.99 -1.6338
2 -1.61457
2.01 -1.59401
2.02 -1.57208
2.03 -1.54877
2.04 -1.52407
2.05 -1.49797
2.06 -1.47045
2.07 -1.44148
2.08 -1.41107
2.09 -1.37919
2.1 -1.34583
2.11 -1.31096
2.12 -1.27459
2.13 -1.23669
2.14 -1.19724
2.15 -1.15623
2.16 -1.11366
2.17 -1.06949
2.18 -1.02371
2.19 -0.976322
2.2 -0.927294
2.21 -0.876616
2.22 -0.824273
2.23 -0.770249
2.24 -0.714529
2.25 -0.657098
2.26 -0.597941
2.27 -0.537042
2.28 -0.474387
2.29 -0.409959
2.3 -0.343744
2.31 -0.275726
2.32 -0.20589
2.33 -0.134222
2.34 -0.0607051
2.35 0.0146752
2.36 0.0919342
2.37 0.171087
2.38 0.252149
2.39 0.335136
2.4 0.420063
2.41 0.506944
2.42 0.595795
2.43 0.686632
2.44 0.77947
2.45 0.874323
2.46 0.971207
2.47 1.07014
2.48 1.17113
2.49 1.2742
2.5 1.37936
2.51 1.48663
2.52 1.59602
2.53 1.70755
2.54 1.82123
2.55 1.93708
2.56 2.05512
2.57 2.17535
2.58 2.29779
2.59 2.42247
2.6 2.54939
2.61 2.67857
2.62 2.81002
2.63 2.94377
2.64 3.07982
2.65 3.21819
2.66 3.35889
2.67 3.50195
2.68 3.64738
2.69 3.79518
2.7 3.94538
2.71 4.098
2.72 4.25304
2.73 4.41052
2.74 4.57047
2.75 4.73288
2.76 4.89778
2.77 5.06519
2.78 5.23511
2.79 5.40757
2.8 5.58258
2.81 5.76015
2.82 5.94031
2.83 6.12305
2.84 6.30841
2.85 6.49639
2.86 6.68702
2.87 6.88029
2.88 7.07624
2.89 7.27488
2.9 7.47622
2.91 7.68027
2.92 7.88706
2.93 8.09659
2.94 8.30889
2.95 8.52396
2.96 8.74183
2.97 8.96251
2.98 9.186
2.99 9.41234
3 9.64153
