0 1
0.01 0.957965
0.02 0.919281
0.03 0.883825
0.04 0.851474
0.05 0.822108
0.06 0.795609
0.07 0.771862
0.08 0.750751
0.09 0.732167
0.1 0.715999
0.11 0.70214
0.12 0.690485
0.13 0.68093
0.14 0.673373
0.15 0.667716
0.16 0.663861
0.17 0.661713
0.18 0.661178
0.19 0.662164
0.2 0.664584
0.21 0.668347
0.22 0.67337
0.23 0.679568
0.24 0.686859
0.25 0.695164
0.26 0.704403
0.27 0.714501
0.28 0.725383
0.29 0.736976
0.3 0.749209
0.31 0.762013
0.32 0.775321
0.33 0.789066
0.34 0.803184
0.35 0.817614
0.36 0.832295
0.37 0.847167
0.38 0.862174
0.39 0.877259
0.4 0.89237
0.41 0.907452
0.42 0.922457
0.43 0.937334
0.44 0.952035
0.45 0.966516
0.46 0.98073
0.47 0.994636
0.48 1.00819
0.49 1.02136
0.5 1.03409
0.51 1.04637
0.52 1.05814
0.53 1.06937
0.54 1.08004
0.55 1.0901
0.56 1.09954
0.57 1.10832
0.58 1.11642
0.59 1.1238
0.6 1.13045
0.61 1.13634
0.62 1.14145
0.63 1.14576
0.64 1.14925
0.65 1.1519
0.66 1.15369
0.67 1.15462
0.68 1.15466
0.69 1.1538
0.7 1.15204
0.71 1.14935
0.72 1.14573
0.73 1.14117
0.74 1.13567
0.75 1.12921
0.76 1.1218
0.77 1.11342
0.78 1.10408
0.79 1.09377
0.8 1.0825
0.81 1.07025
0.82 1.05704
0.83 1.04287
0.84 1.02773
0.85 1.01164
0.86 0.994589
0.87 0.976596
0.88 0.957662
0.89 0.937795
0.9 0.917005
0.91 0.895301
0.92 0.872692
0.93 0.84919
0.94 0.824808
0.95 0.799556
0.96 0.773451
0.97 0.746504
0.98 0.718733
0.99 0.690151
1 0.660777
1.01 0.630628
1.02 0.59972
1.03 0.568074
1.04 0.535707
1.05 0.502642
1.06 0.468897
1.07 0.434495
1.08 0.399457
1.09 0.363805
1.1 0.327564
1.11 0.290756
1.12 0.253405
1.13 0.215537
1.14 0.177177
1.15 0.13835
1.16 0.0990826
1.17 0.0594019
1.18 0.0193349
1.19 -0.0210908
1.2 -0.061847
1.21 -0.102905
1.22 -0.144237
1.23 -0.185812
1.24 -0.227601
1.25 -0.269574
1.26 -0.311701
1.27 -0.353951
1.28 -0.396294
1.29 -0.438696
1.3 -0.481128
1.31 -0.523557
1.32 -0.565951
1.33 -0.608277
1.34 -0.650504
1.35 -0.692598
1.36 -0.734526
1.37 -0.776255
1.38 -0.817752
1.39 -0.858983
1.4 -0.899915
1.41 -0.940513
1.42 -0.980745
1.43 -1.02058
1.44 -1.05997
1.45 -1.0989
1.46 -1.13732
1.47 -1.17521
1.48 -1.21253
1.49 -1.24923
1.5 -1.28531
1.51 -1.3207
1.52 -1.35539
1.53 -1.38934
1.54 -1.42251
1.55 -1.45487
1.56 -1.48639
1.57 -1.51703
1.58 -1.54676
1.59 -1.57555
1.6 -1.60336
1.61 -1.63016
1.62 -1.65592
1.63 -1.6806
1.64 -1.70418
1.65 -1.72661
1.66 -1.74788
1.67 -1.76794
1.68 -1.78677
1.69 -1.80433
1.7 -1.82059
1.71 -1.83554
1.72 -1.84912
1.73 -1.86132
1.74 -1.8721
1.75 -1.88144
1.76 -1.88931
1.77 -1.89567
1.78 -1.90051
1.79 -1.9038
1.8 -1.9055
1.81 -1.90559
1.82 -1.90405
1.83 -1.90085
1.84 -1.89597
1.85 -1.88938
1.86 -1.88106
1.87 -1.87098
1.88 -1.85913
1.89 -1.84548
1.9 -1.83001
1.91 -1.8127
1.92 -1.79353
1.93 -1.77248
1.94 -1.74953
1.95 -1.72467
1.96 -1.69787
1.97 -1.66912
1.98 -1.63841
1.99 -1.60572
2 -1.57104
2.01 -1.53434
2.02 -1.49563
2.03 -1.45488
2.04 -1.41209
2.05 -1.36725
2.06 -1.32034
2.07 -1.27137
2.08 -1.22031
2.09 -1.16717
2.1 -1.11194
2.11 -1.05461
2.12 -0.995188
2.13 -0.933659
2.14 -0.870026
2.15 -0.804287
2.16 -0.736443
2.17 -0.666495
2.18 -0.594446
2.19 -0.520297
2.2 -0.444054
2.21 -0.365722
2.22 -0.285307
2.23 -0.202817
2.24 -0.118261
2.25 -0.0316479
2.26 0.0570107
2.27 0.147703
2.28 0.240415
2.29 0.335133
2.3 0.43184
2.31 0.530521
2.32 0.631156
2.33 0.733726
2.34 0.838211
2.35 0.944588
2.36 1.05283
2.37 1.16292
2.38 1.27483
2.39 1.38853
2.4 1.50399
2.41 1.62119
2.42 1.74008
2.43 1.86064
2.44 1.98284
2.45 2.10663
2.46 2.23198
2.47 2.35886
2.48 2.48721
2.49 2.61701
2.5 2.7482
2.51 2.88074
2.52 3.01459
2.53 3.1497
2.54 3.28601
2.55 3.42348
2.56 3.56206
2.57 3.70168
2.58 3.8423
2.59 3.98386
2.6 4.12629
2.61 4.26954
2.62 4.41354
2.63 4.55824
2.64 4.70355
2.65 4.84943
2.66 4.99579
2.67 5.14256
2.68 5.28968
2.69 5.43706
2.7 5.58463
2.71 5.73232
2.72 5.88004
2.73 6.0277
2.74 6.17524
2.75 6.32255
2.76 6.46955
2.77 6.61615
2.78 6.76227
2.79 6.9078
2.8 7.05265
2.81 7.19672
2.82 7.33992
2.83 7.48213
2.84 7.62327
2.85 7.76321
2.86 7.90187
2.87 8.03911
2.88 8.17484
2.89 8.30893
2.9 8.44128
2.91 8.57176
2.92 8.70026
2.93 8.82665
2.94 8.9508
2.95 9.07259
2.96 9.19189
2.97 9.30857
2.98 9.42249
2.99 9.53353
3 9.64153
