0 1
0.01 1.00903
0.02 1.01719
0.03 1.02457
0.04 1.03122
0.05 1.03722
0.06 1.04262
0.07 1.04748
0.08 1.05186
0.09 1.05581
0.1 1.05938
0.11 1.0626
0.12 1.06553
0.13 1.0682
0.14 1.07064
0.15 1.0729
0.16 1.07499
0.17 1.07694
0.18 1.07879
0.19 1.08055
0.2 1.08225
0.21 1.08389
0.22 1.0855
0.23 1.08709
0.24 1.08868
0.25 1.09026
0.26 1.09186
0.27 1.09347
0.28 1.0951
0.29 1.09675
0.3 1.09842
0.31 1.10012
0.32 1.10184
0.33 1.10358
0.34 1.10533
0.35 1.10709
0.36 1.10885
0.37 1.1106
0.38 1.11234
0.39 1.11406
0.4 1.11574
0.41 1.11737
0.42 1.11894
0.43 1.12044
0.44 1.12186
0.45 1.12317
0.46 1.12437
0.47 1.12544
0.48 1.12637
0.49 1.12713
0.5 1.12772
0.51 1.12811
0.52 1.12828
0.53 1.12823
0.54 1.12794
0.55 1.12738
0.56 1.12653
0.57 1.12539
0.58 1.12394
0.59 1.12214
0.6 1.12
0.61 1.11749
0.62 1.11459
0.63 1.11129
0.64 1.10757
0.65 1.10341
0.66 1.0988
0.67 1.09372
0.68 1.08816
0.69 1.0821
0.7 1.07552
0.71 1.06842
0.72 1.06077
0.73 1.05257
0.74 1.0438
0.75 1.03444
0.76 1.0245
0.77 1.01394
0.78 1.00277
0.79 0.990981
0.8 0.978552
0.81 0.965479
0.82 0.951753
0.83 0.937368
0.84 0.922315
0.85 0.906589
0.86 0.890184
0.87 0.873096
0.88 0.85532
0.89 0.836854
0.9 0.817694
0.91 0.797839
0.92 0.777288
0.93 0.75604
0.94 0.734097
0.95 0.711459
0.96 0.68813
0.97 0.66411
0.98 0.639406
0.99 0.61402
1 0.587959
1.01 0.561228
1.02 0.533835
1.03 0.505788
1.04 0.477094
1.05 0.447765
1.06 0.417809
1.07 0.387238
1.08 0.356063
1.09 0.324299
1.1 0.291957
1.11 0.259052
1.12 0.2256
1.13 0.191616
1.14 0.157117
1.15 0.12212
1.16 0.0866431
1.17 0.0507056
1.18 0.0143271
1.19 -0.0224722
1.2 -0.0596711
1.21 -0.0972477
1.22 -0.13518
1.23 -0.173444
1.24 -0.212016
1.25 -0.250871
1.26 -0.289985
1.27 -0.329332
1.28 -0.368884
1.29 -0.408615
1.3 -0.448498
1.31 -0.488503
1.32 -0.528602
1.33 -0.568766
1.34 -0.608964
1.35 -0.649167
1.36 -0.689342
1.37 -0.72946
1.38 -0.769487
1.39 -0.809391
1.4 -0.84914
1.41 -0.8887
1.42 -0.928038
1.43 -0.967119
1.44 -1.00591
1.45 -1.04438
1.46 -1.08248
1.47 -1.12019
1.48 -1.15747
1.49 -1.19428
1.5 -1.23059
1.51 -1.26635
1.52 -1.30154
1.53 -1.33612
1.54 -1.37005
1.55 -1.4033
1.56 -1.43582
1.57 -1.46758
1.58 -1.49854
1.59 -1.52866
1.6 -1.55792
1.61 -1.58627
1.62 -1.61367
1.63 -1.64008
1.64 -1.66548
1.65 -1.68982
1.66 -1.71306
1.67 -1.73518
1.68 -1.75612
1.69 -1.77587
1.7 -1.79437
1.71 -1.8116
1.72 -1.82752
1.73 -1.8421
1.74 -1.85529
1.75 -1.86708
1.76 -1.87741
1.77 -1.88626
1.78 -1.89359
1.79 -1.89938
1.8 -1.90358
1.81 -1.90617
1.82 -1.90712
1.83 -1.9064
1.84 -1.90397
1.85 -1.89981
1.86 -1.89388
1.87 -1.88616
1.88 -1.87662
1.89 -1.86524
1.9 -1.85198
1.91 -1.83683
1.92 -1.81976
1.93 -1.80074
1.94 -1.77974
1.95 -1.75676
1.96 -1.73177
1.97 -1.70474
1.98 -1.67566
1.99 -1.6445
2 -1.61126
2.01 -1.57591
2.02 -1.53844
2.03 -1.49883
2.04 -1.45707
2.05 -1.41315
2.06 -1.36705
2.07 -1.31877
2.08 -1.26829
2.09 -1.21561
2.1 -1.16072
2.11 -1.10361
2.12 -1.04428
2.13 -0.982726
2.14 -0.918945
2.15 -0.852937
2.16 -0.7847
2.17 -0.714238
2.18 -0.641552
2.19 -0.566647
2.2 -0.489527
2.21 -0.410201
2.22 -0.328676
2.23 -0.244961
2.24 -0.159068
2.25 -0.0710091
2.26 0.0192026
2.27 0.111551
2.28 0.206021
2.29 0.302593
2.3 0.401247
2.31 0.501964
2.32 0.60472
2.33 0.709491
2.34 0.816252
2.35 0.924975
2.36 1.03563
2.37 1.14819
2.38 1.26263
2.39 1.3789
2.4 1.49698
2.41 1.61682
2.42 1.73839
2.43 1.86166
2.44 1.98657
2.45 2.11309
2.46 2.24117
2.47 2.37077
2.48 2.50184
2.49 2.63433
2.5 2.76818
2.51 2.90335
2.52 3.03979
2.53 3.17743
2.54 3.31623
2.55 3.45611
2.56 3.59703
2.57 3.73892
2.58 3.88172
2.59 4.02535
2.6 4.16977
2.61 4.31489
2.62 4.46064
2.63 4.60697
2.64 4.75379
2.65 4.90103
2.66 5.04861
2.67 5.19647
2.68 5.34451
2.69 5.49266
2.7 5.64084
2.71 5.78896
2.72 5.93695
2.73 6.08471
2.74 6.23215
2.75 6.3792
2.76 6.52576
2.77 6.67173
2.78 6.81703
2.79 6.96156
2.8 7.10524
2.81 7.24795
2.82 7.3896
2.83 7.53011
2.84 7.66936
2.85 7.80725
2.86 7.94369
2.87 8.07856
2.88 8.21178
2.89 8.34322
2.9 8.4728
2.91 8.60039
2.92 8.72589
2.93 8.84919
2.94 8.97019
2.95 9.08878
2.96 9.20483
2.97 9.31825
2.98 9.42891
2.99 9.53671
3 9.64153
