3 1.68153
4 1.19685
5 0.372259
6 0.177649
7 0.0514012
8 0.0133969
9 0.00391172
10 0.000622356
11 0.000177856
12 1.94989e-05
13 6.04829e-06
14 4.78243e-07
15 1.51003e-07
16 8.65257e-09
17 2.80181e-09
18 1.20211e-10
19 3.99514e-11
20 1.09068e-12
21 9.00613e-13
22 3.47056e-13
23 5.18385e-12
24 6.50369e-12
25 9.89431e-12
26 3.35429e-11
27 2.80185e-11
28 4.89517e-11
29 1.04521e-10
30 5.75538e-10
31 6.5663e-11
32 4.79233e-10
33 5.3212e-10
34 2.19801e-09
35 6.79792e-09
36 1.64074e-08
37 5.76438e-09
38 1.81024e-08
39 5.97316e-08
40 7.24235e-08
41 3.20189e-07
42 8.79412e-08
43 3.86508e-08
44 4.82889e-07
45 5.14796e-07
46 1.86097e-06
47 1.77879e-06
48 4.3848e-06
49 5.45427e-06
50 9.16395e-06
51 3.53079e-05
52 1.13387e-05
53 4.20681e-05
54 1.4182e-06
55 7.33979e-05
56 0.00024751
57 0.00036383
58 0.000286026
59 0.000311003
60 1.701e-05
61 0.000817695
62 0.00036668
63 0.00717876
64 0.0306572
65 0.041188
66 0.0502267
67 0.165216
68 0.421442
69 0.910398
70 1.44294
71 3.47105
72 5.04304
73 22.894
74 22.1332
75 484.065
76 200.98
77 781.706
78 623.26
79 34404.1
80 58977
81 177197
82 275099
83 238171
84 1.48308e+06
85 9.25499e+06
86 1.68599e+07
87 4.12527e+07
88 9.31557e+07
89 5.1437e+08
90 3.80878e+08
91 1.65325e+10
92 3.94059e+10
93 4.39832e+09
94 1.65422e+11
95 1.04438e+11
96 4.53064e+11
97 1.73217e+12
98 1.41277e+13
99 5.4341e+12
100 5.78358e+13
