1.000000e+01 1.314009e-14 1.907646e-14
1.000000e+02 4.326224e-14 2.752149e-13
1.000000e+03 4.762205e-13 1.631713e-12
1.000000e+04 5.894937e-12 2.013028e-11
1.000000e+05 8.109300e-12 2.037106e-10
1.000000e+06 4.476739e-10 1.550445e-09
1.000000e+07 2.529321e-09 2.351013e-08
1.000000e+08 4.397197e-08 1.557733e-07
1.000000e+09 8.410607e-08 2.179967e-06
1.000000e+10 1.303666e-06 1.585976e-05
1.000002e+11 7.223565e-05 1.948112e-04
9.999363e+11 1.638549e-04 1.257792e-03
9.997162e+12 3.861462e-03 2.454676e-02
1.006819e+14 3.591938e-02 2.991917e-01
1.030706e+15 3.034056e-01 2.520742e+00
