100000.00000
63117.123623857980419 -13164.188928577546903 -414.301515091843498 -1370.364427200829368 1462.746345413330346 -4314.951494325638123 -11324.736727370080189 -17861.604899075307912 2101.294836801143902 -6615.395208943165017 -10424.918787920692921 -11068.368110069606701 9589.304208510349781 15587.752969079905597 -10170.949926187104211 
-13164.188928577546903 50889.624708164221374 -4182.435905442544936 -13327.007035686652671 4205.130098463153445 -16270.575438611906065 454.210477874983894 -6284.699852476498563 1714.797868304846361 8133.265366468336651 -2745.314451377847035 -10018.324161645577988 -4867.402106737684335 -5423.821574764850993 -2883.181035802084807 
-414.301515091842646 -4182.435905442546755 53305.226526621641824 -5830.334143799682352 -9498.178852421026022 -2488.808854750281171 -14537.128104292196440 -4145.152952884067417 3657.863464853504865 -3057.776012726388672 7316.336335661614612 -16852.744401703348558 -15389.469988120108610 940.165992667914452 5720.399143432005985 
-1370.364427200828914 -13327.007035686652671 -5830.334143799682352 38470.838525436054624 2691.733968689891753 7613.402597486037848 -9404.265224620325171 7601.761156031220708 -7051.777275061787805 4112.460480964483395 -1201.069071179369303 -1380.293747688426265 -11675.859086172600655 -2229.518716898754519 -3407.444493141683779 
1462.746345413328072 4205.130098463150716 -9498.178852421024203 2691.733968689891753 57475.560445352333772 -17.898922155544330 849.622903713334267 1230.527150691760198 -16703.545781468146743 -3081.522552704424470 -6693.366961474784148 -2646.916421156213346 -13787.591031821777506 4412.555812148224504 -328.181104898117326 
-4314.951494325636304 -16270.575438611907884 -2488.808854750281171 7613.402597486037848 -17.898922155545183 55890.926905647109379 -2220.279269354577082 -5554.249832758631783 -4597.166408318570575 -15138.258425958054431 -1001.180455482076013 -463.496089575792041 1859.745307302943957 -10720.047802112367208 -11943.874400140713988 
-11324.736727370083827 454.210477874982701 -14537.128104292194621 -9404.265224620325171 849.622903713335404 -2220.279269354576627 56044.402551718754694 5979.790319853413166 -15090.088701992024653 -6079.957618679432926 -3175.993455178147997 -10139.320627645411150 -72.055269302625206 -3065.941953607977666 -2490.492345421615482 
-17861.604899075304274 -6284.699852476498563 -4145.152952884066508 7601.761156031220708 1230.527150691760426 -5554.249832758633602 5979.790319853413166 32233.411704602822283 2591.739666450644108 -4559.412137574415283 7621.909658686146031 2511.777573601319091 5590.387861872161920 -15431.459454447393000 5694.296588572928158 
2101.294836801143447 1714.797868304848862 3657.863464853503956 -7051.777275061787805 -16703.545781468143105 -4597.166408318572394 -15090.088701992022834 2591.739666450645018 55199.405243793808040 -8841.320798709677547 225.548241070047141 15675.494937031633526 3239.493099070071821 -10617.152960409301159 1079.446202343972573 
-6615.395208943165017 8133.265366468336651 -3057.776012726387762 4112.460480964485214 -3081.522552704424015 -15138.258425958052612 -6079.957618679435654 -4559.412137574415283 -8841.320798709677547 43004.310874677394168 5556.210279620232541 -5486.427829956437563 518.663773500296429 6793.182634765444163 -5727.297903482063703 
-10424.918787920692921 -2745.314451377846581 7316.336335661616431 -1201.069071179370212 -6693.366961474784148 -1001.180455482076013 -3175.993455178147087 7621.909658686146031 225.548241070046686 5556.210279620232541 36061.103746087028412 -6318.166500902995722 -5179.875796445320702 1180.877294084476489 -15069.774198913086366 
-11068.368110069608520 -10018.324161645579807 -16852.744401703344920 -1380.293747688425810 -2646.916421156216074 -463.496089575791586 -10139.320627645409331 2511.777573601322274 15675.494937031633526 -5486.427829956438472 -6318.166500902994812 52144.683811154471186 -10148.311266348298886 -9823.772028194707673 2636.355098729589827 
9589.304208510347962 -4867.402106737684335 -15389.469988120108610 -11675.859086172600655 -13787.591031821777506 1859.745307302945321 -72.055269302627735 5590.387861872162830 3239.493099070072276 518.663773500296315 -5179.875796445322521 -10148.311266348297067 51009.671386367233936 -4983.328030928555563 6118.315942359584369 
15587.752969079903778 -5423.821574764851903 940.165992667914111 -2229.518716898754974 4412.555812148225414 -10720.047802112367208 -3065.941953607978121 -15431.459454447393000 -10617.152960409299340 6793.182634765443254 1180.877294084476262 -9823.772028194705854 -4983.328030928554654 53634.045393856889859 -925.279634055876954 
-10170.949926187104211 -2883.181035802084352 5720.399143432004166 -3407.444493141684234 -328.181104898114938 -11943.874400140712169 -2490.492345421615937 5694.296588572929068 1079.446202343972118 -5727.297903482061884 -15069.774198913086366 2636.355098729589372 6118.315942359584369 -925.279634055875817 51527.164552662194183 

202624.726998424710473 -199556.535250825225376 81072.037011727166828 109202.250625890577794 -177261.233454080705997 32488.250365782310837 -233234.208850792725570 9227.032288156828145 226140.275081154017244 90577.289721634369926 -101893.966525391093455 -159442.981930207024561 184501.367549705406418 248017.980753905372694 238697.077282625512453 

8.190005839268409 6.249235278462772 7.385604216106477 8.051124207069540 0.672226575631786 9.507903165055660 4.975770110221607 7.551459047005221 7.424050706769418 8.311295757101131 1.565018467502015 4.573087205514086 6.181004960943809 9.321833550470505 8.350882355593512 
