1.1 0.713349248972831
1.10185546875 0.718541114117483
1.1037109375 0.723689328995482
1.10556640625 0.728795279883322
1.107421875 0.733860292288949
1.10927734375 0.738885626909928
1.1111328125 0.743872486341877
1.11298828125 0.748822018651196
1.11484375 0.753735320675701
1.11669921875 0.758613441076265
1.1185546875 0.763457383161845
1.12041015625 0.76826810750796
1.122265625 0.773046534386638
1.12412109375 0.777793546024028
1.1259765625 0.782509988700276
1.12783203125 0.787196674704799
1.1296875 0.79185438415887
1.13154296875 0.796483866716239
1.1333984375 0.801085843151572
1.13525390625 0.805661006845509
1.137109375 0.810210025174409
1.13896484375 0.814733540812079
1.1408203125 0.819232172950146
1.14267578125 0.823706518443156
1.14453125 0.828157152883944
1.14638671875 0.832584631614358
1.1482421875 0.83698949067597
1.15009765625 0.841372247705054
1.151953125 0.845733402775721
1.15380859375 0.850073439194813
1.1556640625 0.854392824251851
1.15751953125 0.858692009927086
1.159375 0.862971433560441
1.16123046875 0.867231518483941
1.1630859375 0.871472674620006
1.16494140625 0.875695299047822
1.166796875 0.879899776539813
1.16865234375 0.884086480070123
1.1705078125 0.888255771296843
1.17236328125 0.8924080010196
1.17421875 0.896543509614039
1.17607421875 0.900662627444568
1.1779296875 0.904765675256682
1.17978515625 0.908852964550081
1.181640625 0.912924797933688
1.18349609375 0.916981469463644
1.1853515625 0.921023264965238
1.18720703125 0.925050462339691
1.1890625 0.929063331856656
1.19091796875 0.933062136433223
1.1927734375 0.937047131900169
1.19462890625 0.941018567256173
1.196484375 0.944976684910619
1.19833984375 0.948921720915623
1.2001953125 0.952853905187852
1.20205078125 0.95677346172066
1.20390625 0.96068060878707
1.20576171875 0.964575559134058
1.2076171875 0.968458520168585
1.20947265625 0.972329694135814
1.211328125 0.976189278289891
1.21318359375 0.980037465057654
1.2150390625 0.983874442195653
1.21689453125 0.987700392940768
1.21875 0.99151549615477
1.22060546875 0.995319926463098
1.2224609375 0.99911385438814
1.22431640625 1.00289744647727
1.226171875 1.00667086542591
1.22802734375 1.01043427019579
1.2298828125 1.01418781612873
1.23173828125 1.01793165505605
1.23359375 1.02166593540384
1.23544921875 1.02539080229434
1.2373046875 1.02910639764349
1.23916015625 1.03281286025493
1.241015625 1.03651032591049
1.24287109375 1.04019892745751
1.2447265625 1.04387879489287
1.24658203125 1.04755005544412
1.2484375 1.05121283364769
1.25029296875 1.0548672514243
1.2521484375 1.05851342815183
1.25400390625 1.06215148073555
1.255859375 1.06578152367599
1.25771484375 1.06940366913448
1.2595703125 1.07301802699642
1.26142578125 1.07662470493247
1.26328125 1.08022380845763
1.26513671875 1.08381544098841
1.2669921875 1.08739970389803
1.26884765625 1.09097669656992
1.270703125 1.09454651644933
1.27255859375 1.09810925909343
1.2744140625 1.10166501821961
1.27626953125 1.10521388575243
1.278125 1.10875595186891
1.27998046875 1.11229130504251
1.2818359375 1.11582003208564
1.28369140625 1.11934221819095
1.285546875 1.1228579469712
1.28740234375 1.12636730049804
1.2892578125 1.12987035933953
1.29111328125 1.13336720259651
1.29296875 1.13685790793796
1.29482421875 1.14034255163517
1.2966796875 1.14382120859498
1.29853515625 1.14729395239204
1.300390625 1.15076085530004
1.30224609375 1.15422198832212
1.3041015625 1.15767742122034
1.30595703125 1.16112722254431
1.3078125 1.16457145965896
1.30966796875 1.16801019877162
1.3115234375 1.1714435049582
1.31337890625 1.17487144218873
1.315234375 1.1782940733521
1.31708984375 1.18171146028023
1.3189453125 1.1851236637714
1.32080078125 1.18853074361309
1.32265625 1.1919327586041
1.32451171875 1.19532976657612
1.3263671875 1.19872182441467
1.32822265625 1.20210898807949
1.330078125 1.20549131262441
1.33193359375 1.20886885221663
1.3337890625 1.21224166015557
1.33564453125 1.21560978889115
1.3375 1.21897329004159
1.33935546875 1.22233221441082
1.3412109375 1.22568661200536
1.34306640625 1.22903653205079
1.344921875 1.2323820230078
1.34677734375 1.23572313258784
1.3486328125 1.23905990776832
1.35048828125 1.24239239480752
1.35234375 1.245720639259
1.35419921875 1.24904468598579
1.3560546875 1.25236457917409
1.35791015625 1.25568036234672
1.359765625 1.2589920783762
1.36162109375 1.26229976949753
1.3634765625 1.26560347732066
1.36533203125 1.2689032428426
1.3671875 1.27219910645932
1.36904296875 1.2754911079773
1.3708984375 1.27877928662483
1.37275390625 1.28206368106308
1.374609375 1.28534432939678
1.37646484375 1.28862126918481
1.3783203125 1.29189453745043
1.38017578125 1.29516417069131
1.38203125 1.29843020488931
1.38388671875 1.30169267552007
1.3857421875 1.30495161756234
1.38759765625 1.30820706550708
1.389453125 1.31145905336643
1.39130859375 1.3147076146824
1.3931640625 1.3179527825354
1.39501953125 1.32119458955255
1.396875 1.32443306791585
1.39873046875 1.32766824937011
1.4005859375 1.33090016523076
1.40244140625 1.33412884639145
1.404296875 1.33735432333147
1.40615234375 1.34057662612307
1.4080078125 1.34379578443855
1.40986328125 1.34701182755725
1.41171875 1.35022478437233
1.41357421875 1.35343468339749
1.4154296875 1.35664155277343
1.41728515625 1.3598454202743
1.419140625 1.36304631331391
1.42099609375 1.36624425895186
1.4228515625 1.36943928389952
1.42470703125 1.3726314145259
1.4265625 1.37582067686342
1.42841796875 1.37900709661346
1.4302734375 1.38219069915192
1.43212890625 1.38537150953461
1.433984375 1.38854955250249
1.43583984375 1.3917248524869
1.4376953125 1.39489743361455
1.43955078125 1.39806731971257
1.44140625 1.4012345343133
1.44326171875 1.40439910065909
1.4451171875 1.40756104170697
1.44697265625 1.41072038013321
1.448828125 1.41387713833783
1.45068359375 1.41703133844895
1.4525390625 1.42018300232715
1.45439453125 1.42333215156968
1.45625 1.42647880751459
1.45810546875 1.42962299124477
1.4599609375 1.432764723592
1.46181640625 1.43590402514078
1.463671875 1.43904091623221
1.46552734375 1.44217541696771
1.4673828125 1.44530754721275
1.46923828125 1.44843732660042
1.47109375 1.45156477453498
1.47294921875 1.45468991019537
1.4748046875 1.45781275253859
1.47666015625 1.46093332030307
1.478515625 1.46405163201193
1.48037109375 1.46716770597625
1.4822265625 1.47028156029817
1.48408203125 1.47339321287406
1.4859375 1.47650268139753
1.48779296875 1.47960998336244
1.4896484375 1.48271513606583
1.49150390625 1.48581815661081
1.493359375 1.48891906190937
1.49521484375 1.49201786868521
1.4970703125 1.49511459347643
1.49892578125 1.49820925263822
1.50078125 1.5013018623455
1.50263671875 1.50439243859551
1.5044921875 1.50748099721033
1.50634765625 1.5105675538394
1.508203125 1.51365212396198
1.51005859375 1.51673472288951
1.5119140625 1.51981536576804
1.51376953125 1.52289406758049
1.515625 1.525970843149
1.51748046875 1.52904570713712
1.5193359375 1.53211867405205
1.52119140625 1.53518975824681
1.523046875 1.53825897392233
1.52490234375 1.5413263351296
1.5267578125 1.54439185577169
1.52861328125 1.54745554960579
1.53046875 1.55051743024519
1.53232421875 1.55357751116124
1.5341796875 1.5566358056853
1.53603515625 1.55969232701059
1.537890625 1.56274708819404
1.53974609375 1.5658001021582
1.5416015625 1.56885138169292
1.54345703125 1.57190093945724
1.5453125 1.57494878798102
1.54716796875 1.57799493966673
1.5490234375 1.58103940679108
1.55087890625 1.58408220150673
1.552734375 1.58712333584386
1.55458984375 1.59016282171179
1.5564453125 1.5932006709006
1.55830078125 1.59623689508259
1.56015625 1.59927150581392
1.56201171875 1.602304514536
1.5638671875 1.60533593257704
1.56572265625 1.60836577115348
1.567578125 1.61139404137141
1.56943359375 1.61442075422801
1.5712890625 1.61744592061289
1.57314453125 1.62046955130949
1.575 1.62349165699641
1.57685546875 1.62651224824874
1.5787109375 1.62953133553934
1.58056640625 1.63254892924015
1.582421875 1.63556503962341
1.58427734375 1.63857967686295
1.5861328125 1.64159285103539
1.58798828125 1.64460457212132
1.58984375 1.64761485000653
1.59169921875 1.65062369448313
1.5935546875 1.65363111525077
1.59541015625 1.65663712191767
1.597265625 1.65964172400183
1.59912109375 1.66264493093208
1.6009765625 1.66564675204915
1.60283203125 1.6686471966068
1.6046875 1.67164627377277
1.60654296875 1.67464399262993
1.6083984375 1.67764036217718
1.61025390625 1.68063539133055
1.612109375 1.68362908892414
1.61396484375 1.6866214637111
1.6158203125 1.6896125243646
1.61767578125 1.69260227947875
1.61953125 1.69559073756958
1.62138671875 1.69857790707592
1.6232421875 1.70156379636031
1.62509765625 1.70454841370989
1.626953125 1.7075317673373
1.62880859375 1.71051386538153
1.6306640625 1.71349471590876
1.63251953125 1.71647432691325
1.634375 1.71945270631812
1.63623046875 1.72242986197617
1.6380859375 1.72540580167072
1.63994140625 1.7283805331164
1.641796875 1.73135406395989
1.64365234375 1.73432640178075
1.6455078125 1.73729755409215
1.64736328125 1.74026752834161
1.64921875 1.74323633191179
1.65107421875 1.74620397212115
1.6529296875 1.74917045622474
1.65478515625 1.75213579141486
1.656640625 1.75509998482179
1.65849609375 1.75806304351447
1.6603515625 1.76102497450117
1.66220703125 1.7639857847302
1.6640625 1.76694548109051
1.66591796875 1.76990407041241
1.6677734375 1.77286155946817
1.66962890625 1.77581795497269
1.671484375 1.77877326358408
1.67333984375 1.78172749190435
1.6751953125 1.78468064647993
1.67705078125 1.78763273380237
1.67890625 1.79058376030885
1.68076171875 1.79353373238284
1.6826171875 1.7964826563546
1.68447265625 1.79943053850184
1.686328125 1.80237738505019
1.68818359375 1.80532320217385
1.6900390625 1.80826799599605
1.69189453125 1.81121177258968
1.69375 1.81415453797774
1.69560546875 1.81709629813393
1.6974609375 1.82003705898313
1.69931640625 1.82297682640194
1.701171875 1.8259156062192
1.70302734375 1.82885340421643
1.7048828125 1.83179022612839
1.70673828125 1.83472607764354
1.70859375 1.83766096440451
1.71044921875 1.84059489200861
1.7123046875 1.84352786600825
1.71416015625 1.84645989191147
1.716015625 1.84939097518232
1.71787109375 1.85232112124139
1.7197265625 1.85525033546617
1.72158203125 1.85817862319159
1.7234375 1.86110598971037
1.72529296875 1.86403244027349
1.7271484375 1.8669579800906
1.72900390625 1.86988261433045
1.730859375 1.87280634812131
1.73271484375 1.87572918655135
1.7345703125 1.87865113466907
1.73642578125 1.88157219748369
1.73828125 1.88449237996552
1.74013671875 1.8874116870464
1.7419921875 1.89033012362003
1.74384765625 1.8932476945424
1.745703125 1.89616440463212
1.74755859375 1.89908025867081
1.7494140625 1.90199526140345
1.75126953125 1.90490941753878
1.753125 1.90782273174962
1.75498046875 1.91073520867323
1.7568359375 1.91364685291165
1.75869140625 1.91655766903208
1.760546875 1.91946766156718
1.76240234375 1.92237683501541
1.7642578125 1.9252851938414
1.76611328125 1.92819274247622
1.76796875 1.93109948531774
1.76982421875 1.93400542673096
1.7716796875 1.9369105710483
1.77353515625 1.93981492256991
1.775390625 1.942718485564
1.77724609375 1.94562126426714
1.7791015625 1.94852326288455
1.78095703125 1.9514244855904
1.7828125 1.95432493652813
1.78466796875 1.9572246198107
1.7865234375 1.9601235395209
1.78837890625 1.96302169971165
1.790234375 1.96591910440624
1.79208984375 1.96881575759866
1.7939453125 1.97171166325381
1.79580078125 1.97460682530783
1.79765625 1.97750124766836
1.79951171875 1.98039493421475
1.8013671875 1.98328788879841
1.80322265625 1.98618011524299
1.805078125 1.98907161734468
1.80693359375 1.99196239887246
1.8087890625 1.99485246356832
1.81064453125 1.99774181514756
1.8125 2.00063045729899
1.81435546875 2.00351839368519
1.8162109375 2.00640562794273
1.81806640625 2.00929216368246
1.819921875 2.01217800448969
1.82177734375 2.01506315392442
1.8236328125 2.01794761552163
1.82548828125 2.02083139279142
1.82734375 2.02371448921931
1.82919921875 2.02659690826643
1.8310546875 2.02947865336972
1.83291015625 2.03235972794218
1.834765625 2.03524013537305
1.83662109375 2.03811987902808
1.8384765625 2.04099896224967
1.84033203125 2.04387738835711
1.8421875 2.04675516064679
1.84404296875 2.04963228239241
1.8458984375 2.05250875684513
1.84775390625 2.05538458723385
1.849609375 2.05825977676532
1.85146484375 2.0611343286244
1.8533203125 2.06400824597423
1.85517578125 2.06688153195639
1.85703125 2.06975418969114
1.85888671875 2.07262622227758
1.8607421875 2.07549763279382
1.86259765625 2.07836842429718
1.864453125 2.08123859982439
1.86630859375 2.08410816239171
1.8681640625 2.08697711499516
1.87001953125 2.08984546061067
1.871875 2.09271320219427
1.87373046875 2.09558034268223
1.8755859375 2.09844688499126
1.87744140625 2.10131283201866
1.879296875 2.1041781866425
1.88115234375 2.10704295172175
1.8830078125 2.10990713009649
1.88486328125 2.11277072458803
1.88671875 2.1156337379991
1.88857421875 2.11849617311397
1.8904296875 2.12135803269865
1.89228515625 2.124219319501
1.894140625 2.12708003625092
1.89599609375 2.12994018566046
1.8978515625 2.13279977042403
1.89970703125 2.13565879321846
1.9015625 2.13851725670325
1.90341796875 2.14137516352062
1.9052734375 2.1442325162957
1.90712890625 2.14708931763668
1.908984375 2.14994557013492
1.91083984375 2.15280127636511
1.9126953125 2.15565643888542
1.91455078125 2.15851106023757
1.91640625 2.16136514294705
1.91826171875 2.16421868952322
1.9201171875 2.1670717024594
1.92197265625 2.16992418423306
1.923828125 2.17277613730594
1.92568359375 2.17562756412414
1.9275390625 2.17847846711829
1.92939453125 2.18132884870363
1.93125 2.18417871128019
1.93310546875 2.18702805723288
1.9349609375 2.1898768889316
1.93681640625 2.19272520873138
1.938671875 2.1955730189725
1.94052734375 2.19842032198062
1.9423828125 2.20126712006685
1.94423828125 2.20411341552791
1.94609375 2.20695921064624
1.94794921875 2.2098045076901
1.9498046875 2.21264930891367
1.95166015625 2.21549361655722
1.953515625 2.21833743284713
1.95537109375 2.22118075999609
1.9572265625 2.22402360020314
1.95908203125 2.22686595565382
1.9609375 2.22970782852025
1.96279296875 2.23254922096126
1.9646484375 2.23539013512245
1.96650390625 2.23823057313637
1.968359375 2.24107053712252
1.97021484375 2.24391002918755
1.9720703125 2.2467490514253
1.97392578125 2.2495876059169
1.97578125 2.25242569473092
1.97763671875 2.2552633199234
1.9794921875 2.25810048353799
1.98134765625 2.26093718760603
1.983203125 2.26377343414666
1.98505859375 2.26660922516688
1.9869140625 2.26944456266168
1.98876953125 2.27227944861411
1.990625 2.27511388499539
1.99248046875 2.27794787376497
1.9943359375 2.28078141687065
1.99619140625 2.28361451624865
1.998046875 2.28644717382371
1.99990234375 2.28927939150916
2.0017578125 2.29211117120704
2.00361328125 2.29494251480814
2.00546875 2.29777342419211
2.00732421875 2.30060390122755
2.0091796875 2.30343394777208
2.01103515625 2.30626356567243
2.012890625 2.3090927567645
2.01474609375 2.31192152287349
2.0166015625 2.31474986581392
2.01845703125 2.31757778738975
2.0203125 2.32040528939446
2.02216796875 2.32323237361108
2.0240234375 2.32605904181234
2.02587890625 2.32888529576068
2.027734375 2.33171113720837
2.02958984375 2.33453656789756
2.0314453125 2.33736158956037
2.03330078125 2.34018620391895
2.03515625 2.34301041268558
2.03701171875 2.34583421756269
2.0388671875 2.34865762024298
2.04072265625 2.3514806224095
2.042578125 2.35430322573566
2.04443359375 2.35712543188535
2.0462890625 2.359947242513
2.04814453125 2.36276865926364
2.05 2.36558968377297
2.05185546875 2.36841031766744
2.0537109375 2.37123056256429
2.05556640625 2.37405042007164
2.057421875 2.37686989178856
2.05927734375 2.37968897930511
2.0611328125 2.38250768420241
2.06298828125 2.38532600805273
2.06484375 2.38814395241954
2.06669921875 2.39096151885754
2.0685546875 2.39377870891278
2.07041015625 2.39659552412268
2.072265625 2.39941196601609
2.07412109375 2.40222803611338
2.0759765625 2.4050437359265
2.07783203125 2.40785906695899
2.0796875 2.41067403070609
2.08154296875 2.41348862865478
2.0833984375 2.41630286228385
2.08525390625 2.41911673306394
2.087109375 2.42193024245758
2.08896484375 2.42474339191933
2.0908203125 2.42755618289571
2.09267578125 2.43036861682537
2.09453125 2.43318069513908
2.09638671875 2.43599241925982
2.0982421875 2.43880379060278
2.10009765625 2.44161481057549
2.101953125 2.44442548057781
2.10380859375 2.44723580200203
2.1056640625 2.45004577623288
2.10751953125 2.4528554046476
2.109375 2.45566468861602
2.11123046875 2.45847362950055
2.1130859375 2.46128222865629
2.11494140625 2.46409048743104
2.116796875 2.46689840716538
2.11865234375 2.4697059891927
2.1205078125 2.47251323483924
2.12236328125 2.47532014542417
2.12421875 2.47812672225962
2.12607421875 2.48093296665071
2.1279296875 2.48373887989565
2.12978515625 2.4865444632857
2.131640625 2.48934971810533
2.13349609375 2.49215464563217
2.1353515625 2.4949592471371
2.13720703125 2.49776352388428
2.1390625 2.50056747713121
2.14091796875 2.50337110812877
2.1427734375 2.50617441812126
2.14462890625 2.50897740834645
2.146484375 2.51178008003559
2.14833984375 2.51458243441353
2.1501953125 2.51738447269867
2.15205078125 2.52018619610309
2.15390625 2.52298760583251
2.15576171875 2.52578870308641
2.1576171875 2.528589489058
2.15947265625 2.53138996493432
2.161328125 2.53419013189625
2.16318359375 2.53698999111854
2.1650390625 2.5397895437699
2.16689453125 2.54258879101297
2.16875 2.54538773400442
2.17060546875 2.54818637389497
2.1724609375 2.5509847118294
2.17431640625 2.55378274894664
2.176171875 2.55658048637976
2.17802734375 2.55937792525604
2.1798828125 2.56217506669701
2.18173828125 2.56497191181846
2.18359375 2.56776846173048
2.18544921875 2.57056471753754
2.1873046875 2.57336068033848
2.18916015625 2.57615635122655
2.191015625 2.57895173128948
2.19287109375 2.58174682160948
2.1947265625 2.58454162326329
2.19658203125 2.58733613732223
2.1984375 2.59013036485219
2.20029296875 2.59292430691372
2.2021484375 2.59571796456203
2.20400390625 2.59851133884703
2.205859375 2.60130443081336
2.20771484375 2.60409724150045
2.2095703125 2.60688977194251
2.21142578125 2.60968202316859
2.21328125 2.61247399620262
2.21513671875 2.61526569206344
2.2169921875 2.61805711176478
2.21884765625 2.62084825631539
2.220703125 2.62363912671898
2.22255859375 2.62642972397431
2.2244140625 2.62922004907517
2.22626953125 2.63201010301049
2.228125 2.63479988676427
2.22998046875 2.6375894013157
2.2318359375 2.64037864763914
2.23369140625 2.64316762670415
2.235546875 2.64595633947556
2.23740234375 2.64874478691345
2.2392578125 2.65153296997321
2.24111328125 2.65432088960556
2.24296875 2.65710854675659
2.24482421875 2.65989594236776
2.2466796875 2.66268307737596
2.24853515625 2.66546995271353
2.250390625 2.66825656930826
2.25224609375 2.67104292808349
2.2541015625 2.67382902995803
2.25595703125 2.67661487584628
2.2578125 2.67940046665823
2.25966796875 2.68218580329947
2.2615234375 2.68497088667123
2.26337890625 2.6877557176704
2.265234375 2.69054029718957
2.26708984375 2.69332462611704
2.2689453125 2.69610870533686
2.27080078125 2.69889253572884
2.27265625 2.70167611816861
2.27451171875 2.70445945352759
2.2763671875 2.70724254267306
2.27822265625 2.71002538646818
2.280078125 2.71280798577199
2.28193359375 2.71559034143946
2.2837890625 2.7183724543215
2.28564453125 2.72115432526501
2.2875 2.72393595511285
2.28935546875 2.72671734470393
2.2912109375 2.72949849487319
2.29306640625 2.73227940645163
2.294921875 2.73506008026634
2.29677734375 2.73784051714054
2.2986328125 2.74062071789357
2.30048828125 2.74340068334092
2.30234375 2.7461804142943
2.30419921875 2.74895991156157
2.3060546875 2.75173917594687
2.30791015625 2.75451820825055
2.309765625 2.75729700926926
2.31162109375 2.76007557979593
2.3134765625 2.76285392061979
2.31533203125 2.76563203252645
2.3171875 2.76840991629783
2.31904296875 2.77118757271227
2.3208984375 2.77396500254448
2.32275390625 2.77674220656562
2.324609375 2.77951918554328
2.32646484375 2.78229594024151
2.3283203125 2.78507247142085
2.33017578125 2.78784877983835
2.33203125 2.79062486624758
2.33388671875 2.79340073139866
2.3357421875 2.79617637603828
2.33759765625 2.7989518009097
2.339453125 2.80172700675281
2.34130859375 2.8045019943041
2.3431640625 2.80727676429672
2.34501953125 2.81005131746048
2.346875 2.81282565452189
2.34873046875 2.81559977620414
2.3505859375 2.81837368322714
2.35244140625 2.82114737630757
2.354296875 2.82392085615885
2.35615234375 2.82669412349117
2.3580078125 2.82946717901152
2.35986328125 2.83224002342373
2.36171875 2.83501265742842
2.36357421875 2.83778508172311
2.3654296875 2.84055729700214
2.36728515625 2.84332930395678
2.369140625 2.84610110327517
2.37099609375 2.84887269564239
2.3728515625 2.85164408174047
2.37470703125 2.85441526224836
2.3765625 2.85718623784203
2.37841796875 2.85995700919441
2.3802734375 2.86272757697545
2.38212890625 2.86549794185211
2.383984375 2.86826810448842
2.38583984375 2.87103806554544
2.3876953125 2.87380782568132
2.38955078125 2.87657738555131
2.39140625 2.87934674580775
2.39326171875 2.8821159071001
2.3951171875 2.88488487007498
2.39697265625 2.88765363537615
2.398828125 2.89042220364455
2.40068359375 2.89319057551832
2.4025390625 2.89595875163276
2.40439453125 2.89872673262044
2.40625 2.90149451911113
2.40810546875 2.90426211173186
2.4099609375 2.90702951110693
2.41181640625 2.90979671785791
2.413671875 2.91256373260368
2.41552734375 2.9153305559604
2.4173828125 2.91809718854159
2.41923828125 2.92086363095809
2.42109375 2.92362988381809
2.42294921875 2.92639594772716
2.4248046875 2.92916182328824
2.42666015625 2.93192751110169
2.428515625 2.93469301176526
2.43037109375 2.93745832587413
2.4322265625 2.94022345402092
2.43408203125 2.9429883967957
2.4359375 2.94575315478603
2.43779296875 2.94851772857691
2.4396484375 2.95128211875088
2.44150390625 2.95404632588796
2.443359375 2.95681035056569
2.44521484375 2.95957419335916
2.4470703125 2.962337854841
2.44892578125 2.9651013355814
2.45078125 2.96786463614815
2.45263671875 2.97062775710658
2.4544921875 2.97339069901967
2.45634765625 2.97615346244798
2.458203125 2.97891604794971
2.46005859375 2.9816784560807
2.4619140625 2.98444068739445
2.46376953125 2.9872027424421
2.465625 2.9899646217725
2.46748046875 2.99272632593215
2.4693359375 2.99548785546529
2.47119140625 2.99824921091386
2.473046875 3.00101039281751
2.47490234375 3.00377140171366
2.4767578125 3.00653223813745
2.47861328125 3.0092929026218
2.48046875 3.01205339569739
2.48232421875 3.01481371789271
2.4841796875 3.01757386973403
2.48603515625 3.02033385174543
2.487890625 3.02309366444881
2.48974609375 3.0258533083639
2.4916015625 3.02861278400829
2.49345703125 3.0313720918974
2.4953125 3.03413123254455
2.49716796875 3.0368902064609
2.4990234375 3.03964901415552
2.50087890625 3.04240765613538
2.502734375 3.04516613290534
2.50458984375 3.04792444496822
2.5064453125 3.05068259282473
2.50830078125 3.05344057697356
2.51015625 3.05619839791131
2.51201171875 3.05895605613259
2.5138671875 3.06171355212997
2.51572265625 3.06447088639398
2.517578125 3.06722805941318
2.51943359375 3.06998507167412
2.5212890625 3.07274192366136
2.52314453125 3.07549861585751
2.525 3.0782551487432
2.52685546875 3.0810115227971
2.5287109375 3.08376773849595
2.53056640625 3.08652379631455
2.532421875 3.08927969672579
2.53427734375 3.09203544020062
2.5361328125 3.09479102720813
2.53798828125 3.09754645821546
2.53984375 3.10030173368792
2.54169921875 3.1030568540889
2.5435546875 3.10581181987997
2.54541015625 3.1085666315208
2.547265625 3.11132128946924
2.54912109375 3.1140757941813
2.5509765625 3.11683014611117
2.55283203125 3.1195843457112
2.5546875 3.12233839343195
2.55654296875 3.12509228972217
2.5583984375 3.12784603502884
2.56025390625 3.13059962979712
2.562109375 3.13335307447043
2.56396484375 3.13610636949043
2.5658203125 3.13885951529699
2.56767578125 3.14161251232826
2.56953125 3.14436536102066
2.57138671875 3.14711806180887
2.5732421875 3.14987061512583
2.57509765625 3.15262302140282
2.576953125 3.15537528106936
2.57880859375 3.15812739455331
2.5806640625 3.16087936228085
2.58251953125 3.16363118467645
2.584375 3.16638286216295
2.58623046875 3.1691343951615
2.5880859375 3.1718857840916
2.58994140625 3.17463702937112
2.591796875 3.1773881314163
2.59365234375 3.18013909064172
2.5955078125 3.18288990746037
2.59736328125 3.18564058228362
2.59921875 3.18839111552123
2.60107421875 3.19114150758136
2.6029296875 3.1938917588706
2.60478515625 3.19664186979395
2.606640625 3.19939184075484
2.60849609375 3.20214167215512
2.6103515625 3.20489136439509
2.61220703125 3.20764091787353
2.6140625 3.21039033298763
2.61591796875 3.21313961013308
2.6177734375 3.21588874970403
2.61962890625 3.21863775209311
2.621484375 3.22138661769145
2.62333984375 3.22413534688865
2.6251953125 3.22688394007283
2.62705078125 3.22963239763063
2.62890625 3.23238071994719
2.63076171875 3.23512890740617
2.6326171875 3.23787696038979
2.63447265625 3.24062487927877
2.636328125 3.24337266445241
2.63818359375 3.24612031628853
2.6400390625 3.24886783516354
2.64189453125 3.25161522145241
2.64375 3.25436247552866
2.64560546875 3.25710959776442
2.6474609375 3.25985658853038
2.64931640625 3.26260344819586
2.651171875 3.26535017712875
2.65302734375 3.26809677569554
2.6548828125 3.27084324426138
2.65673828125 3.27358958318999
2.65859375 3.27633579284374
2.66044921875 3.27908187358364
2.6623046875 3.28182782576933
2.66416015625 3.28457364975909
2.666015625 3.28731934590988
2.66787109375 3.29006491457728
2.6697265625 3.29281035611558
2.67158203125 3.2955556708777
2.6734375 3.29830085921527
2.67529296875 3.30104592147859
2.6771484375 3.30379085801666
2.67900390625 3.30653566917716
2.680859375 3.3092803553065
2.68271484375 3.31202491674977
2.6845703125 3.31476935385079
2.68642578125 3.31751366695211
2.68828125 3.320257856395
2.69013671875 3.32300192251945
2.6919921875 3.32574586566422
2.69384765625 3.32848968616678
2.695703125 3.33123338436338
2.69755859375 3.33397696058901
2.6994140625 3.33672041517743
2.70126953125 3.33946374846116
2.703125 3.34220696077151
2.70498046875 3.34495005243857
2.7068359375 3.34769302379119
2.70869140625 3.35043587515703
2.710546875 3.35317860686256
2.71240234375 3.35592121923302
2.7142578125 3.3586637125925
2.71611328125 3.36140608726386
2.71796875 3.3641483435688
2.71982421875 3.36689048182786
2.7216796875 3.36963250236038
2.72353515625 3.37237440548456
2.725390625 3.37511619151741
2.72724609375 3.37785786077483
2.7291015625 3.38059941357153
2.73095703125 3.38334085022111
2.7328125 3.38608217103601
2.73466796875 3.38882337632753
2.7365234375 3.39156446640588
2.73837890625 3.39430544158011
2.740234375 3.39704630215816
2.74208984375 3.39978704844687
2.7439453125 3.40252768075197
2.74580078125 3.40526819937808
2.74765625 3.40800860462873
2.74951171875 3.41074889680636
2.7513671875 3.4134890762123
2.75322265625 3.41622914314684
2.755078125 3.41896909790915
2.75693359375 3.42170894079735
2.7587890625 3.42444867210849
2.76064453125 3.42718829213855
2.7625 3.42992780118247
2.76435546875 3.43266719953411
2.7662109375 3.4354064874863
2.76806640625 3.43814566533083
2.769921875 3.44088473335844
2.77177734375 3.44362369185883
2.7736328125 3.44636254112069
2.77548828125 3.44910128143166
2.77734375 3.45183991307839
2.77919921875 3.45457843634648
2.7810546875 3.45731685152055
2.78291015625 3.46005515888419
2.784765625 3.46279335872001
2.78662109375 3.46553145130959
2.7884765625 3.46826943693355
2.79033203125 3.4710073158715
2.7921875 3.47374508840207
2.79404296875 3.47648275480291
2.7958984375 3.4792203153507
2.79775390625 3.48195777032115
2.799609375 3.48469511998898
2.80146484375 3.48743236462798
2.8033203125 3.49016950451096
2.80517578125 3.49290653990977
2.80703125 3.49564347109533
2.80888671875 3.49838029833761
2.8107421875 3.50111702190561
2.81259765625 3.50385364206744
2.814453125 3.50659015909024
2.81630859375 3.50932657324023
2.8181640625 3.5120628847827
2.82001953125 3.51479909398204
2.821875 3.51753520110169
2.82373046875 3.5202712064042
2.8255859375 3.52300711015121
2.82744140625 3.52574291260344
2.829296875 3.52847861402072
2.83115234375 3.53121421466199
2.8330078125 3.53394971478527
2.83486328125 3.53668511464772
2.83671875 3.53942041450559
2.83857421875 3.54215561461427
2.8404296875 3.54489071522825
2.84228515625 3.54762571660116
2.844140625 3.55036061898576
2.84599609375 3.55309542263393
2.8478515625 3.55583012779671
2.84970703125 3.55856473472426
2.8515625 3.56129924366589
2.85341796875 3.56403365487005
2.8552734375 3.56676796858437
2.85712890625 3.56950218505561
2.858984375 3.57223630452968
2.86083984375 3.57497032725169
2.8626953125 3.57770425346589
2.86455078125 3.58043808341569
2.86640625 3.58317181734371
2.86826171875 3.5859054554917
2.8701171875 3.58863899810064
2.87197265625 3.59137244541065
2.873828125 3.59410579766107
2.87568359375 3.59683905509041
2.8775390625 3.59957221793638
2.87939453125 3.6023052864359
2.88125 3.60503826082507
2.88310546875 3.60777114133922
2.8849609375 3.61050392821286
2.88681640625 3.61323662167973
2.888671875 3.61596922197278
2.89052734375 3.61870172932417
2.8923828125 3.62143414396531
2.89423828125 3.6241664661268
2.89609375 3.62689869603848
2.89794921875 3.62963083392943
2.8998046875 3.63236288002795
2.90166015625 3.63509483456159
2.903515625 3.63782669775713
2.90537109375 3.64055846984061
2.9072265625 3.64329015103731
2.90908203125 3.64602174157174
2.9109375 3.6487532416677
2.91279296875 3.65148465154821
2.9146484375 3.65421597143559
2.91650390625 3.65694720155138
2.918359375 3.65967834211641
2.92021484375 3.66240939335079
2.9220703125 3.66514035547387
2.92392578125 3.66787122870431
2.92578125 3.67060201326001
2.92763671875 3.67333270935819
2.9294921875 3.67606331721533
2.93134765625 3.67879383704721
2.933203125 3.68152426906888
2.93505859375 3.6842546134947
2.9369140625 3.68698487053833
2.93876953125 3.68971504041272
2.940625 3.69244512333012
2.94248046875 3.69517511950208
2.9443359375 3.69790502913948
2.94619140625 3.70063485245249
2.948046875 3.70336458965059
2.94990234375 3.7060942409426
2.9517578125 3.70882380653663
2.95361328125 3.71155328664014
2.95546875 3.71428268145988
2.95732421875 3.71701199120197
2.9591796875 3.71974121607182
2.96103515625 3.72247035627419
2.962890625 3.72519941201319
2.96474609375 3.72792838349223
2.9666015625 3.73065727091411
2.96845703125 3.73338607448093
2.9703125 3.73611479439417
2.97216796875 3.73884343085462
2.9740234375 3.74157198406246
2.97587890625 3.74430045421721
2.977734375 3.74702884151775
2.97958984375 3.7497571461623
2.9814453125 3.75248536834846
2.98330078125 3.7552135082732
2.98515625 3.75794156613285
2.98701171875 3.7606695421231
2.9888671875 3.76339743643903
2.99072265625 3.76612524927508
2.992578125 3.76885298082507
2.99443359375 3.77158063128222
2.9962890625 3.77430820083909
2.99814453125 3.77703568968768
3 3.77976309801932
