1.1 0.713349248972831
1.1037109375 0.723689325764744
1.107421875 0.733860291298213
1.1111328125 0.743872449443152
1.11484375 0.753735252837956
1.1185546875 0.763457288528371
1.122265625 0.773046416470721
1.1259765625 0.782509850496328
1.1296875 0.791854228230029
1.1333984375 0.801085671700615
1.137109375 0.810209840101506
1.1408203125 0.819231975900175
1.14453125 0.828156945285453
1.1482421875 0.836989273773437
1.151953125 0.845733177656391
1.1556640625 0.854392591868158
1.159375 0.862971194748833
1.1630859375 0.87147243011681
1.166796875 0.879899526994654
1.1705078125 0.888255517284048
1.17421875 0.89654325164235
1.1779296875 0.904765413777563
1.181640625 0.912924533348454
1.1853515625 0.921022997631189
1.1890625 0.92906306209237
1.1927734375 0.937046859990084
1.196484375 0.944976411109009
1.2001953125 0.952853629722287
1.20390625 0.960680331861436
1.2076171875 0.968458241965716
1.211328125 0.976188998973887
1.2150390625 0.983874161913908
1.21875 0.991515215039756
1.2224609375 0.999113572558986
1.226171875 1.00667058298979
1.2298828125 1.01418753318211
1.23359375 1.02166565203353
1.2373046875 1.02910611392767
1.241015625 1.03651004191953
1.2447265625 1.04387851069011
1.2484375 1.05121254929014
1.2521484375 1.05851314369078
1.255859375 1.06578123915755
1.2595703125 1.07301774246201
1.26328125 1.08022352394442
1.2669921875 1.08739941943936
1.270703125 1.09454623207505
1.2744140625 1.1016647339564
1.278125 1.10875566774057
1.2818359375 1.11581974811338
1.285546875 1.12285766317382
1.2892578125 1.12987007573369
1.29296875 1.13685762453835
1.2966796875 1.14382092541449
1.300390625 1.15076057234993
1.3041015625 1.15767713851039
1.3078125 1.16457117719759
1.3115234375 1.17144322275259
1.315234375 1.1782937914083
1.3189453125 1.18512338209444
1.32265625 1.19193247719808
1.3263671875 1.19872154328282
1.330078125 1.20549103176919
1.3337890625 1.21224137957874
1.3375 1.21897300974424
1.3412109375 1.22568633198801
1.344921875 1.23238174327044
1.3486328125 1.23905962831043
1.35234375 1.24572036007963
1.3560546875 1.25236430027188
1.359765625 1.25899179974942
1.3634765625 1.26560319896728
1.3671875 1.27219882837697
1.3708984375 1.27877900881089
1.374609375 1.28534405184837
1.3783203125 1.29189426016447
1.38203125 1.2984299278625
1.3857421875 1.30495134079121
1.389453125 1.31145877684735
1.3931640625 1.31795250626459
1.396875 1.32443279188942
1.4005859375 1.3308998894447
1.404296875 1.33735404778166
1.4080078125 1.3437955091208
1.41171875 1.35022450928236
1.4154296875 1.3566412779069
1.419140625 1.36304603866643
1.4228515625 1.36943900946664
1.4265625 1.37582040264066
1.4302734375 1.38219042513478
1.433984375 1.38854927868644
1.4376953125 1.39489715999502
1.44140625 1.40123426088573
1.4451171875 1.40756076846679
1.448828125 1.41387686528045
1.4525390625 1.42018272944802
1.45625 1.42647853480912
1.4599609375 1.43276445105565
1.463671875 1.43904064386042
1.4673828125 1.445307275001
1.47109375 1.45156450247875
1.4748046875 1.4578124806334
1.478515625 1.46405136025331
1.4822265625 1.47028128868168
1.4859375 1.47650240991876
1.4896484375 1.4827148647204
1.493359375 1.48891879069292
1.4970703125 1.49511432238464
1.50078125 1.50130159137408
1.5044921875 1.50748072635503
1.508203125 1.51365185321858
1.5119140625 1.51981509513236
1.515625 1.5259705726169
1.5193359375 1.53211840361943
1.523046875 1.53825870358512
1.5267578125 1.54439158552585
1.53046875 1.55051716008673
1.5341796875 1.55663553561029
1.537890625 1.56274681819855
1.5416015625 1.56885111177308
1.5453125 1.574948518133
1.5490234375 1.58103913701109
1.552734375 1.58712306612815
1.5564453125 1.59320040124545
1.56015625 1.59927123621567
1.5638671875 1.60533566303206
1.567578125 1.61139377187611
1.5712890625 1.61744565116371
1.575 1.62349138758985
1.5787109375 1.62953106617193
1.582421875 1.63556477029171
1.5861328125 1.64159258173601
1.58984375 1.64761458073611
1.5935546875 1.653630846006
1.597265625 1.65964145477944
1.6009765625 1.66564648284589
1.6046875 1.67164600458544
1.6083984375 1.67764009300261
1.612109375 1.68362881975921
1.6158203125 1.68961225520621
1.61953125 1.69559046841469
1.6232421875 1.70156352720589
1.626953125 1.70753149818037
1.6306640625 1.71349444674637
1.634375 1.71945243714735
1.6380859375 1.7254055324887
1.641796875 1.73135379476378
1.6455078125 1.73729728487913
1.64921875 1.74323606267908
1.6529296875 1.7491701869696
1.656640625 1.75509971554151
1.6603515625 1.76102470519307
1.6640625 1.76694521175193
1.6677734375 1.7728612900965
1.671484375 1.77877299417674
1.6751953125 1.78468037703435
1.67890625 1.79058349082252
1.6826171875 1.79648238682501
1.686328125 1.80237711547488
1.6900390625 1.80826772637259
1.69375 1.81415426830371
1.6974609375 1.82003678925615
1.701171875 1.82591533643692
1.7048828125 1.83178995628849
1.70859375 1.83766069450469
1.7123046875 1.84352759604624
1.716015625 1.84939070515588
1.7197265625 1.85525006537308
1.7234375 1.86110571954844
1.7271484375 1.86695770985765
1.730859375 1.87280607781522
1.7345703125 1.87865086428772
1.73828125 1.8844921095068
1.7419921875 1.89032985308189
1.745703125 1.89616413401251
1.7494140625 1.90199499070035
1.753125 1.90782246096104
1.7568359375 1.91364658203561
1.760546875 1.91946739060172
1.7642578125 1.9252849227846
1.76796875 1.9310992141677
1.7716796875 1.93691029980312
1.775390625 1.94271821422183
1.7791015625 1.94852299144353
1.7828125 1.95432466498645
1.7865234375 1.96012326787676
1.790234375 1.96591883265785
1.7939453125 1.97171139139941
1.79765625 1.97750097570621
1.8013671875 1.98328761672679
1.805078125 1.98907134516189
1.8087890625 1.99485219127267
1.8125 2.00063018488881
1.8162109375 2.00640535541637
1.819921875 2.01217773184553
1.8236328125 2.01794734275805
1.82734375 2.02371421633473
1.8310546875 2.02947838036255
1.834765625 2.03523986224175
1.8384765625 2.04099868899267
1.8421875 2.04675488726259
1.8458984375 2.05250848333221
1.849609375 2.05825950312219
1.8533203125 2.06400797219941
1.85703125 2.06975391578317
1.8607421875 2.07549735875125
1.864453125 2.0812383256458
1.8681640625 2.08697684067913
1.871875 2.09271292773941
1.8755859375 2.09844661039618
1.879296875 2.10417791190583
1.8830078125 2.10990685521687
1.88671875 2.11563346297519
1.8904296875 2.12135775752913
1.894140625 2.12707976093446
1.8978515625 2.13279949495935
1.9015625 2.13851698108906
1.9052734375 2.14423224053072
1.908984375 2.14994529421789
1.9126953125 2.1556561628151
1.91640625 2.16136486672221
1.9201171875 2.1670714260788
1.923828125 2.17277586076839
1.9275390625 2.17847819042258
1.93125 2.18417843442515
1.9349609375 2.18987661191604
1.938671875 2.19557274179528
1.9423828125 2.20126684272681
1.94609375 2.20695893314224
1.9498046875 2.2126490312446
1.953515625 2.21833715501186
1.9572265625 2.22402332220057
1.9609375 2.22970755034929
1.9646484375 2.23538985678201
1.968359375 2.24107025861154
1.9720703125 2.24674877274271
1.97578125 2.25242541587568
1.9794921875 2.25810020450905
1.983203125 2.263773154943
1.9869140625 2.26944428328227
1.990625 2.27511360543923
1.9943359375 2.28078113713674
1.998046875 2.28644689391106
2.0017578125 2.29211089111467
2.00546875 2.29777314391904
2.0091796875 2.30343366731736
2.012890625 2.30909247612717
2.0166015625 2.31474958499304
2.0203125 2.32040500838909
2.0240234375 2.32605876062156
2.027734375 2.33171085583126
2.0314453125 2.33736130799602
2.03515625 2.34301013093309
2.0388671875 2.34865733830147
2.042578125 2.35430294360424
2.0462890625 2.35994696019079
2.05 2.36558940125911
2.0537109375 2.37123027985792
2.057421875 2.37686960888883
2.0611328125 2.38250740110847
2.06484375 2.38814366913057
2.0685546875 2.39377842542794
2.072265625 2.39941168233456
2.0759765625 2.40504345204747
2.0796875 2.41067374662876
2.0833984375 2.41630257800742
2.087109375 2.42192995798127
2.0908203125 2.42755589821872
2.09453125 2.43318041026064
2.0982421875 2.43880350552211
2.101953125 2.44442519529417
2.1056640625 2.4500454907455
2.109375 2.45566440292415
2.1130859375 2.46128194275919
2.116796875 2.46689812106232
2.1205078125 2.47251294852949
2.12421875 2.47812643574245
2.1279296875 2.48373859317034
2.131640625 2.48934943117119
2.1353515625 2.49495895999341
2.1390625 2.50056718977727
2.1427734375 2.50617413055639
2.146484375 2.5117797922591
2.1501953125 2.51738418470988
2.15390625 2.52298731763075
2.1576171875 2.52858920064259
2.161328125 2.53418984326653
2.1650390625 2.53978925492522
2.16875 2.54538744494413
2.1724609375 2.55098442255285
2.176171875 2.55658019688631
2.1798828125 2.56217477698603
2.18359375 2.56776817180134
2.1873046875 2.57336039019055
2.191015625 2.57895144092215
2.1947265625 2.58454133267594
2.1984375 2.59013007404422
2.2021484375 2.59571767353283
2.205859375 2.60130413956233
2.2095703125 2.60688948046905
2.21328125 2.61247370450616
2.2169921875 2.61805681984473
2.220703125 2.62363883457475
2.2244140625 2.6292197567062
2.228125 2.63479959416998
2.2318359375 2.64037835481897
2.235546875 2.64595604642895
2.2392578125 2.6515326766996
2.24296875 2.65710825325543
2.2466796875 2.66268278364671
2.250390625 2.66825627535038
2.2541015625 2.67382873577097
2.2578125 2.67940017224147
2.2615234375 2.68497059202423
2.265234375 2.69054000231181
2.2689453125 2.69610841022781
2.27265625 2.70167582282777
2.2763671875 2.70724224709991
2.280078125 2.71280768996601
2.2837890625 2.71837215828221
2.2875 2.72393565883973
2.2912109375 2.72949819836575
2.294921875 2.73505978352409
2.2986328125 2.74062042091601
2.30234375 2.74618011708095
2.3060546875 2.75173887849726
2.309765625 2.7572967115829
2.3134765625 2.76285362269621
2.3171875 2.76840961813656
2.3208984375 2.77396470414505
2.324609375 2.77951888690523
2.3283203125 2.78507217254372
2.33203125 2.79062456713091
2.3357421875 2.79617607668162
2.339453125 2.80172670715571
2.3431640625 2.80727646445874
2.346875 2.81282535444259
2.3505859375 2.81837338290608
2.354296875 2.82392055559558
2.3580078125 2.82946687820562
2.36171875 2.83501235637946
2.3654296875 2.84055699570969
2.369140625 2.8461008017388
2.3728515625 2.85164377995977
2.3765625 2.85718593581659
2.3802734375 2.86272727470485
2.383984375 2.86826780197225
2.3876953125 2.87380752291918
2.39140625 2.87934644279922
2.3951171875 2.88488456681966
2.398828125 2.89042190014206
2.4025390625 2.89595844788269
2.40625 2.90149421511308
2.4099609375 2.90702920686053
2.413671875 2.91256342810853
2.4173828125 2.91809688379731
2.42109375 2.92362957882429
2.4248046875 2.92916151804456
2.428515625 2.93469270627131
2.4322265625 2.94022314827633
2.4359375 2.94575284879042
2.4396484375 2.9512818125039
2.443359375 2.95681004406696
2.4470703125 2.96233754809016
2.45078125 2.96786432914484
2.4544921875 2.97339039176354
2.458203125 2.9789157404404
2.4619140625 2.98444037963161
2.465625 2.98996431375578
2.4693359375 2.99548754719434
2.473046875 3.00101008429199
2.4767578125 3.006531929357
2.48046875 3.01205308666169
2.4841796875 3.01757356044273
2.487890625 3.02309335490157
2.4916015625 3.02861247420479
2.4953125 3.03413092248445
2.4990234375 3.0396487038385
2.502734375 3.04516582233107
2.5064453125 3.05068228199288
2.51015625 3.05619808682156
2.5138671875 3.06171324078199
2.517578125 3.06722774780667
2.5212890625 3.072741611796
2.525 3.07825483661867
2.5287109375 3.08376742611194
2.532421875 3.089279384082
2.5361328125 3.09479071430424
2.53984375 3.10030142052363
2.5435546875 3.10581150645498
2.547265625 3.11132097578325
2.5509765625 3.11682983216388
2.5546875 3.12233807922306
2.5583984375 3.12784572055805
2.562109375 3.13335275973747
2.5658203125 3.13885920030154
2.56953125 3.14436504576245
2.5732421875 3.14987029960457
2.576953125 3.15537496528475
2.5806640625 3.16087904623262
2.584375 3.16638254585081
2.5880859375 3.17188546751527
2.591796875 3.17738781457551
2.5955078125 3.18288959035484
2.59921875 3.18839079815069
2.6029296875 3.19389144123478
2.606640625 3.19939152285345
2.6103515625 3.20489104622788
2.6140625 3.21039001455432
2.6177734375 3.21588843100436
2.621484375 3.22138629872515
2.6251953125 3.22688362083965
2.62890625 3.23238040044686
2.6326171875 3.23787664062206
2.636328125 3.24337234441701
2.6400390625 3.24886751486023
2.64375 3.25436215495717
2.6474609375 3.25985626769047
2.651171875 3.26534985602016
2.6548828125 3.27084292288386
2.65859375 3.27633547119705
2.6623046875 3.28182750385322
2.666015625 3.2873190237241
2.6697265625 3.2928100336599
2.6734375 3.29830053648944
2.6771484375 3.30379053502044
2.680859375 3.30928003203965
2.6845703125 3.31476903031308
2.68828125 3.32025753258619
2.6919921875 3.32574554158407
2.695703125 3.33123306001166
2.6994140625 3.33672009055391
2.703125 3.34220663587597
2.7068359375 3.34769269862338
2.710546875 3.35317828142227
2.7142578125 3.3586633868795
2.71796875 3.36414801758287
2.7216796875 3.36963217610129
2.725390625 3.37511586498494
2.7291015625 3.38059908676547
2.7328125 3.38608184395612
2.7365234375 3.39156413905195
2.740234375 3.39704597452998
2.7439453125 3.40252735284933
2.74765625 3.40800827645141
2.7513671875 3.41348874776008
2.755078125 3.41896876918182
2.7587890625 3.42444834310584
2.7625 3.4299274719043
2.7662109375 3.4354061579324
2.769921875 3.4408844035286
2.7736328125 3.4463622110147
2.77734375 3.45183958269606
2.7810546875 3.45731652086167
2.784765625 3.46279302778438
2.7884765625 3.46826910572096
2.7921875 3.47374475691233
2.7958984375 3.47921998358362
2.799609375 3.48469478794435
2.8033203125 3.49016917218858
2.80703125 3.49564313849503
2.8107421875 3.50111668902718
2.814453125 3.50658982593348
2.8181640625 3.51206255134743
2.821875 3.51753486738772
2.8255859375 3.52300677615834
2.829296875 3.52847827974878
2.8330078125 3.53394938023406
2.83671875 3.53942007967493
2.8404296875 3.54489038011795
2.844140625 3.55036028359564
2.8478515625 3.55582979212659
2.8515625 3.56129890771558
2.8552734375 3.5667676323537
2.858984375 3.57223596801847
2.8626953125 3.57770391667395
2.86640625 3.58317148027086
2.8701171875 3.58863866074672
2.873828125 3.5941054600259
2.8775390625 3.59957188001978
2.88125 3.60503792262687
2.8849609375 3.61050358973288
2.888671875 3.61596888321086
2.8923828125 3.62143380492128
2.89609375 3.62689835671216
2.8998046875 3.63236254041917
2.903515625 3.63782635786574
2.9072265625 3.64328981086312
2.9109375 3.64875290121056
2.9146484375 3.65421563069533
2.918359375 3.65967800109287
2.9220703125 3.66514001416688
2.92578125 3.67060167166941
2.9294921875 3.67606297534096
2.933203125 3.68152392691057
2.9369140625 3.68698452809594
2.940625 3.69244478060347
2.9443359375 3.69790468612843
2.948046875 3.70336424635497
2.9517578125 3.70882346295629
2.95546875 3.71428233759466
2.9591796875 3.71974087192156
2.962890625 3.72519906757775
2.9666015625 3.73065692619333
2.9703125 3.73611444938789
2.9740234375 3.74157163877055
2.977734375 3.74702849594004
2.9814453125 3.75248502248481
2.98515625 3.75794121998311
2.9888671875 3.76339709000305
2.992578125 3.7688526341027
2.9962890625 3.77430785383019
3 3.77976275072374
