0.633333333333333 0.107745535382239 0.424133176165688
0.316666666666667 0.0104550435537578 0.329244701503381
0.158333333333333 0.0020514947654382 0.516836704283016
0.0791666666666667 0.0010480653992091 2.11232775603828
0.0395833333333333 0.000252197196089377 4.06633507944545
0.0197916666666667 4.47836728763029e-05 5.77660411224504
0.00989583333333333 6.72832080583774e-06 6.94303850295805
0.00494791666666667 9.23676711561683e-07 7.62522853202146
0.00247395833333333 1.21030293787072e-07 7.99313125791625
0.00123697916666667 1.54898289750349e-08 8.18388403669914
0.000618489583333333 1.9591919198092e-09 8.28094332258839
0.000309244791666667 2.46339837417509e-10 8.32966371951428
0.000154622395833333 3.08686409766779e-11 8.35026608800937
7.73111979166667e-05 3.83870712994394e-12 8.30725939459105
3.86555989583333e-05 5.23137089203374e-13 9.05687326869806
1.93277994791667e-05 7.105427357601e-14 9.8410847062254
9.66389973958333e-06 1.09690034832965e-13 121.537396121884
4.83194986979167e-06 6.70574706873595e-14 594.401516256014
