1.1 0.713349248972831
1.1037109375 0.72368932945971
1.107421875 0.733860298192328
1.1111328125 0.743872496925943
1.11484375 0.753735335303699
1.1185546875 0.763457401294906
1.122265625 0.77304655556657
1.1259765625 0.782510012535772
1.1296875 0.791854410314372
1.1333984375 0.801085871338228
1.137109375 0.810210055142679
1.1408203125 0.819232204483735
1.14453125 0.828157185794786
1.1482421875 0.836989524800066
1.151953125 0.845733437969666
1.1556640625 0.854392860389929
1.159375 0.862971470532176
1.1630859375 0.871472712328099
1.166796875 0.879899814898389
1.1705078125 0.888255810229962
1.17421875 0.896543549054425
1.1779296875 0.904765715144631
1.181640625 0.912924838216133
1.1853515625 0.921023305594946
1.1890625 0.929063372791524
1.1927734375 0.937047173102624
1.196484375 0.944976726347093
1.2001953125 0.952853946828323
1.20390625 0.960680650604666
1.2076171875 0.968458562139228
1.211328125 0.976189320391999
1.2150390625 0.983874484409866
1.21875 0.991515538463711
1.2224609375 0.999113896776211
1.226171875 1.0066709078791
1.2298828125 1.01418785863446
1.23359375 1.02166597795081
1.2373046875 1.02910644022155
1.241015625 1.03651036851053
1.2447265625 1.04387883750671
1.2484375 1.051212876268
1.2521484375 1.05851347077204
1.255859375 1.06578156629021
1.2595703125 1.07301806959939
1.26328125 1.08022385104465
1.2669921875 1.08739974646491
1.270703125 1.09454655899235
1.2744140625 1.10166506073546
1.278125 1.10875599435466
1.2818359375 1.11582007453871
1.285546875 1.12285798938932
1.2892578125 1.12987040172072
1.29296875 1.1368579502805
1.2966796875 1.14382125089738
1.300390625 1.15076089756102
1.3041015625 1.15767746343884
1.3078125 1.16457150183406
1.3115234375 1.17144354708917
1.315234375 1.17829411543835
1.3189453125 1.18512370581246
1.32265625 1.19193280059965
1.3263671875 1.19872186636447
1.330078125 1.20549135452834
1.3337890625 1.2122417020136
1.3375 1.21897333185375
1.3412109375 1.22568665377179
1.344921875 1.23238206472869
1.3486328125 1.23905994944392
1.35234375 1.24572068088963
1.3560546875 1.2523646207601
1.359765625 1.25899211991799
1.3634765625 1.2656035188187
1.3671875 1.27219914791408
1.3708984375 1.27877932803683
1.374609375 1.28534437076656
1.3783203125 1.29189457877857
1.38203125 1.29843024617641
1.3857421875 1.30495165880901
1.389453125 1.31145909457332
1.3931640625 1.31795282370316
1.396875 1.32443310904515
1.4005859375 1.33090020632228
1.404296875 1.3373543643859
1.4080078125 1.34379582545659
1.41171875 1.35022482535469
1.4154296875 1.35664159372082
1.419140625 1.36304635422705
1.4228515625 1.36943932477913
1.4265625 1.37582071771024
1.4302734375 1.38219073996667
1.433984375 1.3885495932859
1.4376953125 1.39489747436735
1.44140625 1.40123457503621
1.4451171875 1.40756108240072
1.448828125 1.41387717900315
1.4525390625 1.42018304296477
1.45625 1.42647884812522
1.4599609375 1.43276476417636
1.463671875 1.43904095679101
1.4673828125 1.44530758774672
1.47109375 1.45156481504481
1.4748046875 1.45781279302498
1.478515625 1.46405167247558
1.4822265625 1.47028160073977
1.4859375 1.47650272181777
1.4896484375 1.48271517646539
1.493359375 1.48891910228892
1.4970703125 1.49511463383665
1.50078125 1.50130190268704
1.5044921875 1.50748103753385
1.508203125 1.51365216426813
1.5119140625 1.51981540605747
1.515625 1.52597088342234
1.5193359375 1.53211871430994
1.523046875 1.53825901416539
1.5267578125 1.54439189600054
1.53046875 1.55051747046044
1.5341796875 1.55663584588756
1.537890625 1.56274712838391
1.5416015625 1.56885142187099
1.5453125 1.57494882814787
1.5490234375 1.5810394469473
1.552734375 1.58712337599
1.5564453125 1.59320071103725
1.56015625 1.59927154594163
1.5638671875 1.60533597269637
1.567578125 1.6113940814829
1.5712890625 1.61744596071708
1.575 1.62349169709384
1.5787109375 1.62953137563054
1.582421875 1.63556507970889
1.5861328125 1.64159289111568
1.58984375 1.64761489008213
1.5935546875 1.65363115532218
1.597265625 1.65964176406956
1.6009765625 1.66564679211369
1.6046875 1.6716463138346
1.6083984375 1.67764040223677
1.612109375 1.68362912898198
1.6158203125 1.68961256442114
1.61953125 1.69559077762531
1.6232421875 1.70156383641566
1.626953125 1.70753180739274
1.6306640625 1.71349475596473
1.634375 1.71945274637505
1.6380859375 1.72540584172906
1.641796875 1.73135410402006
1.6455078125 1.73729759415458
1.64921875 1.7432363719769
1.6529296875 1.74917049629294
1.656640625 1.7551000248935
1.6603515625 1.76102501457679
1.6640625 1.76694552117043
1.6677734375 1.77286159955279
1.671484375 1.77877330367379
1.6751953125 1.78468068657512
1.67890625 1.7905838004099
1.6826171875 1.79648269646188
1.686328125 1.80237742516407
1.6900390625 1.80826803611691
1.69375 1.81415457810593
1.6974609375 1.82003709911901
1.701171875 1.82591564636312
1.7048828125 1.83179026628071
1.70859375 1.83766100456557
1.7123046875 1.8435279061784
1.716015625 1.84939101536189
1.7197265625 1.8552503756555
1.7234375 1.86110602990978
1.7271484375 1.86695802030041
1.730859375 1.87280638834186
1.7345703125 1.87865117490067
1.73828125 1.88449242020848
1.7419921875 1.89033016387467
1.745703125 1.89616444489874
1.7494140625 1.90199530168236
1.753125 1.90782277204111
1.7568359375 1.91364689321603
1.760546875 1.91946770188473
1.7642578125 1.92528523417241
1.76796875 1.93109952566251
1.7716796875 1.9369106114071
1.775390625 1.94271852593711
1.7791015625 1.94852330327225
1.7828125 1.95432497693069
1.7865234375 1.9601235799386
1.790234375 1.96591914483934
1.7939453125 1.97171170370257
1.79765625 1.97750128813305
1.8013671875 1.98328792927929
1.805078125 1.989071657842
1.8087890625 1.99485250408233
1.8125 2.00063049782994
1.8162109375 2.00640566849087
1.819921875 2.01217804505526
1.8236328125 2.01794765610487
1.82734375 2.02371452982047
1.8310546875 2.02947869398903
1.834765625 2.03524017601075
1.8384765625 2.04099900290597
1.8421875 2.04675520132194
1.8458984375 2.05250879753935
1.849609375 2.05825981747883
1.8533203125 2.06400828670725
1.85703125 2.0697542304439
1.8607421875 2.07549767356652
1.864453125 2.08123864061725
1.8681640625 2.0869771558084
1.871875 2.09271324302809
1.8755859375 2.09844692584588
1.879296875 2.10417822751811
1.8830078125 2.1099071709933
1.88671875 2.11563377891731
1.8904296875 2.12135807363846
1.894140625 2.12708007721252
1.8978515625 2.13279981140762
1.9015625 2.13851729770902
1.9052734375 2.14423255732384
1.908984375 2.14994561118563
1.9126953125 2.15565647995887
1.91640625 2.16136518404344
1.9201171875 2.16707174357889
1.923828125 2.17277617844873
1.9275390625 2.17847850828455
1.93125 2.18417875247011
1.9349609375 2.18987693014534
1.938671875 2.19557306021025
1.9423828125 2.20126716132876
1.94609375 2.2069592519325
1.9498046875 2.21264935022444
1.953515625 2.21833747418258
1.9572265625 2.22402364156343
1.9609375 2.22970786990554
1.9646484375 2.23539017653291
1.968359375 2.2410705785583
1.9720703125 2.24674909288656
1.97578125 2.25242573621783
1.9794921875 2.25810052505069
1.983203125 2.26377347568531
1.9869140625 2.26944460422644
1.990625 2.2751139265864
1.9943359375 2.28078145848806
1.998046875 2.28644721546767
2.0017578125 2.29211121287771
2.00546875 2.29777346588962
2.0091796875 2.30343398949657
2.012890625 2.30909279851612
2.0166015625 2.31474990759281
2.0203125 2.32040533120076
2.0240234375 2.32605908364619
2.027734375 2.3317111790699
2.0314453125 2.33736163144972
2.03515625 2.34301045460288
2.0388671875 2.34865766218838
2.042578125 2.35430326770927
2.0462890625 2.35994728451497
2.05 2.36558972580342
2.0537109375 2.37123060462334
2.057421875 2.37686993387635
2.0611328125 2.38250772631906
2.06484375 2.38814399456517
2.0685546875 2.39377875108752
2.072265625 2.39941200822006
2.0759765625 2.40504377815982
2.0796875 2.41067407296888
2.0833984375 2.41630290457624
2.087109375 2.42193028477968
2.0908203125 2.42755622524763
2.09453125 2.43318073752095
2.0982421875 2.4388038330147
2.101953125 2.44442552301991
2.1056640625 2.45004581870526
2.109375 2.45566473111879
2.1130859375 2.46128227118957
2.116796875 2.46689844972928
2.1205078125 2.47251327743386
2.12421875 2.47812676488507
2.1279296875 2.48373892255204
2.131640625 2.48934976079277
2.1353515625 2.49495928985569
2.1390625 2.50056751988106
2.1427734375 2.50617446090247
2.146484375 2.51178012284826
2.1501953125 2.5173845155429
2.15390625 2.5229876487084
2.1576171875 2.52858953196565
2.161328125 2.53419017483576
2.1650390625 2.53978958674137
2.16875 2.54538777700795
2.1724609375 2.55098475486507
2.176171875 2.55658052944768
2.1798828125 2.56217510979727
2.18359375 2.56776850486318
2.1873046875 2.5733607235037
2.191015625 2.57895177448733
2.1947265625 2.58454166649385
2.1984375 2.59013040811556
2.2021484375 2.59571800785829
2.205859375 2.60130447414261
2.2095703125 2.60688981530482
2.21328125 2.6124740395981
2.2169921875 2.6180571551935
2.220703125 2.62363917018103
2.2244140625 2.62922009257064
2.228125 2.63479993029324
2.2318359375 2.6403786912017
2.235546875 2.64595638307179
2.2392578125 2.65153301360319
2.24296875 2.65710859042041
2.2466796875 2.6626831210737
2.250390625 2.66825661304
2.2541015625 2.67382907372384
2.2578125 2.67940051045821
2.2615234375 2.68497093050544
2.265234375 2.69054034105809
2.2689453125 2.69610874923977
2.27265625 2.70167616210599
2.2763671875 2.70724258664499
2.280078125 2.71280802977854
2.2837890625 2.71837249836275
2.2875 2.72393599918887
2.2912109375 2.72949853898406
2.294921875 2.73506012441213
2.2986328125 2.74062076207435
2.30234375 2.74618045851014
2.3060546875 2.75173922019785
2.309765625 2.75729705355545
2.3134765625 2.76285396494126
2.3171875 2.76840996065464
2.3208984375 2.77396504693671
2.324609375 2.779519229971
2.3283203125 2.78507251588412
2.33203125 2.79062491074648
2.3357421875 2.79617642057287
2.339453125 2.80172705132315
2.3431640625 2.80727680890288
2.346875 2.81282569916395
2.3505859375 2.81837372790516
2.354296875 2.82392090087288
2.3580078125 2.82946722376164
2.36171875 2.83501270221469
2.3654296875 2.84055734182462
2.369140625 2.84610114813392
2.3728515625 2.85164412663556
2.3765625 2.85718628277352
2.3802734375 2.8627276219434
2.383984375 2.86826814949289
2.3876953125 2.87380787072238
2.39140625 2.87934679088545
2.3951171875 2.88488491518938
2.398828125 2.89042224879572
2.4025390625 2.89595879682075
2.40625 2.901494564336
2.4099609375 2.90702955636874
2.413671875 2.91256377790248
2.4173828125 2.91809723387745
2.42109375 2.92362992919105
2.4248046875 2.92916186869838
2.428515625 2.93469305721262
2.4322265625 2.94022349950555
2.4359375 2.945753200308
2.4396484375 2.95128216431024
2.443359375 2.95681039616249
2.4470703125 2.96233790047529
2.45078125 2.96786468181999
2.4544921875 2.97339074472912
2.458203125 2.97891609369682
2.4619140625 2.98444073317926
2.465625 2.98996466759507
2.4693359375 2.99548790132568
2.473046875 3.00101043871577
2.4767578125 3.00653228407362
2.48046875 3.01205344167153
2.4841796875 3.01757391574618
2.487890625 3.02309371049902
2.4916015625 3.02861283009662
2.4953125 3.03413127867105
2.4990234375 3.03964906032023
2.502734375 3.04516617910832
2.5064453125 3.05068263906602
2.51015625 3.05619844419096
2.5138671875 3.06171359844802
2.517578125 3.06722810576969
2.5212890625 3.07274197005638
2.525 3.07825519517676
2.5287109375 3.0837677849681
2.532421875 3.08927974323658
2.5361328125 3.09479107375761
2.53984375 3.10030178027613
2.5435546875 3.10581186650696
2.547265625 3.11132133613505
2.5509765625 3.11683019281585
2.5546875 3.12233844017554
2.5583984375 3.12784608181138
2.562109375 3.13335312129198
2.5658203125 3.13885956215757
2.56953125 3.14436540792033
2.5732421875 3.14987066206463
2.576953125 3.15537532804733
2.5806640625 3.16087940929803
2.584375 3.16638290921939
2.5880859375 3.17188583118733
2.591796875 3.17738817855137
2.5955078125 3.18288995463482
2.59921875 3.1883911627351
2.6029296875 3.19389180612393
2.606640625 3.19939188804767
2.6103515625 3.20489141172746
2.6140625 3.21039038035958
2.6177734375 3.2158887971156
2.621484375 3.22138666514268
2.6251953125 3.22688398756376
2.62890625 3.23238076747785
2.6326171875 3.23787700796023
2.636328125 3.24337271206266
2.6400390625 3.24886788281365
2.64375 3.25436252321866
2.6474609375 3.25985663626031
2.651171875 3.26535022489864
2.6548828125 3.27084329207127
2.65859375 3.27633584069367
2.6623046875 3.28182787365933
2.666015625 3.28731939383999
2.6697265625 3.29281040408584
2.6734375 3.29830090722572
2.6771484375 3.30379090606733
2.680859375 3.30928040339742
2.6845703125 3.31476940198201
2.68828125 3.32025790456654
2.6919921875 3.32574591387612
2.695703125 3.33123343261568
2.6994140625 3.33672046347016
2.703125 3.34220700910471
2.7068359375 3.34769307216488
2.710546875 3.35317865527678
2.7142578125 3.35866376104729
2.71796875 3.3641483920642
2.7216796875 3.36963255089641
2.725390625 3.3751162400941
2.7291015625 3.38059946218892
2.7328125 3.38608221969413
2.7365234375 3.39156451510476
2.740234375 3.39704635089784
2.7439453125 3.40252772953248
2.74765625 3.4080086534501
2.7513671875 3.41348912507456
2.755078125 3.41896914681232
2.7587890625 3.42444872105262
2.7625 3.42992785016758
2.7662109375 3.43540653651243
2.769921875 3.44088478242562
2.7736328125 3.44636259022894
2.77734375 3.45183996222775
2.7810546875 3.45731690071105
2.784765625 3.46279340795168
2.7884765625 3.46826948620641
2.7921875 3.47374513771616
2.7958984375 3.47922036470605
2.799609375 3.48469516938562
2.8033203125 3.4901695539489
2.80703125 3.49564352057463
2.8107421875 3.50111707142628
2.814453125 3.50659020865231
2.8181640625 3.5120629343862
2.821875 3.51753525074664
2.8255859375 3.52300715983765
2.829296875 3.52847866374868
2.8330078125 3.53394976455477
2.83671875 3.53942046431666
2.8404296875 3.54489076508091
2.844140625 3.55036066888005
2.8478515625 3.55583017773265
2.8515625 3.56129929364351
2.8552734375 3.5667680186037
2.858984375 3.57223635459074
2.8626953125 3.5777043035687
2.86640625 3.58317186748831
2.8701171875 3.58863904828705
2.873828125 3.59410584788932
2.8775390625 3.5995722682065
2.88125 3.60503831113708
2.8849609375 3.61050397856678
2.888671875 3.61596927236864
2.8923828125 3.62143419440314
2.89609375 3.6268987465183
2.8998046875 3.63236293054978
2.903515625 3.63782674832101
2.9072265625 3.64329020164325
2.9109375 3.64875329231573
2.9146484375 3.65421602212574
2.918359375 3.6596783928487
2.9220703125 3.66514040624833
2.92578125 3.67060206407666
2.9294921875 3.67606336807419
2.933203125 3.68152431996997
2.9369140625 3.68698492148169
2.940625 3.69244517431576
2.9443359375 3.69790508016743
2.948046875 3.70336464072087
2.9517578125 3.70882385764927
2.95546875 3.71428273261489
2.9591796875 3.71974126726923
2.962890625 3.72519946325302
2.9666015625 3.73065732219639
2.9703125 3.73611484571891
2.9740234375 3.7415720354297
2.977734375 3.7470288929275
2.9814453125 3.75248541980075
2.98515625 3.7579416176277
2.9888671875 3.76339748797646
2.992578125 3.7688530324051
2.9962890625 3.77430825246175
3 3.77976314968462
