1.1 0.713349248972831
1.10185546875 0.718541114358079
1.1037109375 0.72368932945971
1.10556640625 0.728795283171184
1.107421875 0.733860298192328
1.10927734375 0.738885635240147
1.1111328125 0.743872496925943
1.11298828125 0.748822031330255
1.11484375 0.753735335303699
1.11669921875 0.758613457518751
1.1185546875 0.763457401294906
1.12041015625 0.768268127217262
1.122265625 0.77304655556657
1.12412109375 0.777793568576937
1.1259765625 0.782510012535772
1.12783203125 0.787196699739134
1.1296875 0.791854410314372
1.13154296875 0.796483893920811
1.1333984375 0.801085871338228
1.13525390625 0.805661035951957
1.137109375 0.810210055142679
1.13896484375 0.814733571588174
1.1408203125 0.819232204483735
1.14267578125 0.823706550687286
1.14453125 0.828157185794786
1.14638671875 0.832584665150965
1.1482421875 0.836989524800066
1.15009765625 0.841372282380832
1.151953125 0.845733437969666
1.15380859375 0.850073474875534
1.1556640625 0.854392860389929
1.15751953125 0.858692046494935
1.159375 0.862971470532176
1.16123046875 0.867231555835266
1.1630859375 0.871472712328099
1.16494140625 0.875695337091237
1.166796875 0.879899814898389
1.16865234375 0.884086518724894
1.1705078125 0.888255810229962
1.17236328125 0.892408040214265
1.17421875 0.896543549054425
1.17607421875 0.900662667115763
1.1779296875 0.904765715144631
1.17978515625 0.908853004641529
1.181640625 0.912924838216133
1.18349609375 0.91698150992529
1.1853515625 0.921023305594946
1.18720703125 0.925050503126945
1.1890625 0.929063372791524
1.19091796875 0.933062177506319
1.1927734375 0.937047173102624
1.19462890625 0.941018608579602
1.196484375 0.944976726347093
1.19833984375 0.948921762457643
1.2001953125 0.952853946828323
1.20205078125 0.95677350345287
1.20390625 0.960680650604666
1.20576171875 0.964575601031024
1.2076171875 0.968458562139228
1.20947265625 0.972329736174744
1.211328125 0.976189320391999
1.21318359375 0.980037507218106
1.2150390625 0.983874484409866
1.21689453125 0.987700435204402
1.21875 0.991515538463711
1.22060546875 0.99531996881345
1.2224609375 0.999113896776211
1.22431640625 1.00289748889956
1.226171875 1.0066709078791
1.22802734375 1.01043431267674
1.2298828125 1.01418785863446
1.23173828125 1.01793169758373
1.23359375 1.02166597795081
1.23544921875 1.02539084485805
1.2373046875 1.02910644022155
1.23916015625 1.03281290284505
1.241015625 1.03651036851053
1.24287109375 1.04019897006541
1.2447265625 1.04387883750671
1.24658203125 1.04755009806206
1.2484375 1.051212876268
1.25029296875 1.05486729404533
1.2521484375 1.05851347077204
1.25400390625 1.06215152335346
1.255859375 1.06578156629021
1.25771484375 1.0694037117437
1.2595703125 1.07301806959939
1.26142578125 1.07662474752802
1.26328125 1.08022385104465
1.26513671875 1.08381548356585
1.2669921875 1.08739974646491
1.26884765625 1.0909767391253
1.270703125 1.09454655899235
1.27255859375 1.09810930162325
1.2744140625 1.10166506073546
1.27626953125 1.10521392825357
1.278125 1.10875599435466
1.27998046875 1.11229134751222
1.2818359375 1.11582007453871
1.28369140625 1.11934226062681
1.285546875 1.12285798938932
1.28740234375 1.12636734289793
1.2892578125 1.12987040172072
1.29111328125 1.13336724495858
1.29296875 1.1368579502805
1.29482421875 1.14034259395781
1.2966796875 1.14382125089738
1.29853515625 1.14729399467387
1.300390625 1.15076089756102
1.30224609375 1.15422203056198
1.3041015625 1.15767746343884
1.30595703125 1.16112726474121
1.3078125 1.16457150183406
1.30966796875 1.16801024092474
1.3115234375 1.17144354708917
1.31337890625 1.1748714842974
1.315234375 1.17829411543835
1.31708984375 1.18171150234393
1.3189453125 1.18512370581246
1.32080078125 1.18853078563143
1.32265625 1.19193280059965
1.32451171875 1.19532980854882
1.3263671875 1.19872186636447
1.32822265625 1.20210903000637
1.330078125 1.20549135452834
1.33193359375 1.20886889409761
1.3337890625 1.2122417020136
1.33564453125 1.21560983072623
1.3375 1.21897333185375
1.33935546875 1.2223322562001
1.3412109375 1.22568665377179
1.34306640625 1.22903657379442
1.344921875 1.23238206472869
1.34677734375 1.23572317428605
1.3486328125 1.23905994944392
1.35048828125 1.24239243646059
1.35234375 1.24572068088963
1.35419921875 1.24904472759406
1.3560546875 1.2523646207601
1.35791015625 1.25568040391057
1.359765625 1.25899211991799
1.36162109375 1.26229981101739
1.3634765625 1.2656035188187
1.36533203125 1.26890328431894
1.3671875 1.27219914791408
1.36904296875 1.27549114941061
1.3708984375 1.27877932803683
1.37275390625 1.28206372245389
1.374609375 1.28534437076656
1.37646484375 1.28862131053369
1.3783203125 1.29189457877857
1.38017578125 1.29516421199885
1.38203125 1.29843024617641
1.38388671875 1.30169271678688
1.3857421875 1.30495165880901
1.38759765625 1.30820710673378
1.389453125 1.31145909457332
1.39130859375 1.31470765586964
1.3931640625 1.31795282370316
1.39501953125 1.321194630701
1.396875 1.32443310904515
1.39873046875 1.32766829048043
1.4005859375 1.33090020632228
1.40244140625 1.33412888746434
1.404296875 1.3373543643859
1.40615234375 1.34057666715922
1.4080078125 1.34379582545659
1.40986328125 1.34701186855736
1.41171875 1.35022482535469
1.41357421875 1.35343472436227
1.4154296875 1.35664159372082
1.41728515625 1.35984546120448
1.419140625 1.36304635422705
1.42099609375 1.36624429984815
1.4228515625 1.36943932477913
1.42470703125 1.37263145538903
1.4265625 1.37582071771024
1.42841796875 1.37900713744415
1.4302734375 1.38219073996667
1.43212890625 1.38537155033359
1.433984375 1.3885495932859
1.43583984375 1.39172489325491
1.4376953125 1.39489747436735
1.43955078125 1.39806736045033
1.44140625 1.40123457503621
1.44326171875 1.40439914136733
1.4451171875 1.40756108240072
1.44697265625 1.41072042081266
1.448828125 1.41387717900315
1.45068359375 1.41703137910032
1.4525390625 1.42018304296477
1.45439453125 1.42333219219372
1.45625 1.42647884812522
1.45810546875 1.42962303184218
1.4599609375 1.43276476417636
1.46181640625 1.43590406571227
1.463671875 1.43904095679101
1.46552734375 1.44217545751401
1.4673828125 1.44530758774672
1.46923828125 1.44843736712223
1.47109375 1.45156481504481
1.47294921875 1.45468995069339
1.4748046875 1.45781279302498
1.47666015625 1.460933360778
1.478515625 1.46405167247558
1.48037109375 1.46716774642879
1.4822265625 1.47028160073977
1.48408203125 1.4733932533049
1.4859375 1.47650272181777
1.48779296875 1.47961002377226
1.4896484375 1.48271517646539
1.49150390625 1.48581819700028
1.493359375 1.48891910228892
1.49521484375 1.49201790905501
1.4970703125 1.49511463383665
1.49892578125 1.49820929298902
1.50078125 1.50130190268704
1.50263671875 1.50439247892796
1.5044921875 1.50748103753385
1.50634765625 1.51056759415416
1.508203125 1.51365216426813
1.51005859375 1.51673476318722
1.5119140625 1.51981540605747
1.51376953125 1.5228941078618
1.515625 1.52597088342234
1.51748046875 1.52904574740266
1.5193359375 1.53211871430994
1.52119140625 1.53518979849721
1.523046875 1.53825901416539
1.52490234375 1.54132637536548
1.5267578125 1.54439189600054
1.52861328125 1.54745558982776
1.53046875 1.55051747046044
1.53232421875 1.55357755136992
1.5341796875 1.55663584588756
1.53603515625 1.55969236720657
1.537890625 1.56274712838391
1.53974609375 1.56580014234209
1.5416015625 1.56885142187099
1.54345703125 1.57190097962962
1.5453125 1.57494882814787
1.54716796875 1.57799497982818
1.5490234375 1.5810394469473
1.55087890625 1.58408224165784
1.552734375 1.58712337599
1.55458984375 1.59016286185312
1.5564453125 1.59320071103725
1.55830078125 1.59623693521471
1.56015625 1.59927154594163
1.56201171875 1.60230455465945
1.5638671875 1.60533597269637
1.56572265625 1.60836581126882
1.567578125 1.6113940814829
1.56943359375 1.61442079433578
1.5712890625 1.61744596071708
1.57314453125 1.62046959141023
1.575 1.62349169709384
1.57685546875 1.62651228834299
1.5787109375 1.62953137563054
1.58056640625 1.63254896932842
1.582421875 1.63556507970889
1.58427734375 1.63857971694577
1.5861328125 1.64159289111568
1.58798828125 1.6446046121992
1.58984375 1.64761489008213
1.59169921875 1.65062373455658
1.5935546875 1.65363115532218
1.59541015625 1.65663716198718
1.597265625 1.65964176406956
1.59912109375 1.66264497099815
1.6009765625 1.66564679211369
1.60283203125 1.66864723666992
1.6046875 1.6716463138346
1.60654296875 1.67464403269058
1.6083984375 1.67764040223677
1.61025390625 1.68063543138921
1.612109375 1.68362912898198
1.61396484375 1.68662150376824
1.6158203125 1.68961256442114
1.61767578125 1.69260231953483
1.61953125 1.69559077762531
1.62138671875 1.69857794713141
1.6232421875 1.70156383641566
1.62509765625 1.70454845376523
1.626953125 1.70753180739274
1.62880859375 1.71051390543717
1.6306640625 1.71349475596473
1.63251953125 1.71647436696965
1.634375 1.71945274637505
1.63623046875 1.72242990203375
1.6380859375 1.72540584172906
1.63994140625 1.7283805731756
1.641796875 1.73135410402006
1.64365234375 1.734326441842
1.6455078125 1.73729759415458
1.64736328125 1.74026756840533
1.64921875 1.7432363719769
1.65107421875 1.74620401218775
1.6529296875 1.74917049629294
1.65478515625 1.75213583148476
1.656640625 1.7551000248935
1.65849609375 1.75806308358808
1.6603515625 1.76102501457679
1.66220703125 1.76398582480791
1.6640625 1.76694552117043
1.66591796875 1.76990411049463
1.6677734375 1.77286159955279
1.66962890625 1.7758179950598
1.671484375 1.77877330367379
1.67333984375 1.78172753199675
1.6751953125 1.78468068657512
1.67705078125 1.78763277390044
1.67890625 1.7905838004099
1.68076171875 1.79353377248695
1.6826171875 1.79648269646188
1.68447265625 1.79943057861237
1.686328125 1.80237742516407
1.68818359375 1.80532324229117
1.6900390625 1.80826803611691
1.69189453125 1.81121181271416
1.69375 1.81415457810593
1.69560546875 1.81709633826591
1.6974609375 1.82003709911901
1.69931640625 1.8229768665418
1.701171875 1.82591564636312
1.70302734375 1.82885344436451
1.7048828125 1.83179026628071
1.70673828125 1.83472611780019
1.70859375 1.83766100456557
1.71044921875 1.84059493217417
1.7123046875 1.8435279061784
1.71416015625 1.84645993208629
1.716015625 1.84939101536189
1.71787109375 1.85232116142579
1.7197265625 1.8552503756555
1.72158203125 1.85817866338592
1.7234375 1.86110602990978
1.72529296875 1.86403248047806
1.7271484375 1.86695802030041
1.72900390625 1.8698826545456
1.730859375 1.87280638834186
1.73271484375 1.87572922677739
1.7345703125 1.87865117490067
1.73642578125 1.88157223772093
1.73828125 1.88449242020848
1.74013671875 1.88741172729516
1.7419921875 1.89033016387467
1.74384765625 1.893247734803
1.745703125 1.89616444489874
1.74755859375 1.89908029894353
1.7494140625 1.90199530168236
1.75126953125 1.90490945782395
1.753125 1.90782277204111
1.75498046875 1.91073524897112
1.7568359375 1.91364689321603
1.75869140625 1.91655770934301
1.760546875 1.91946770188473
1.76240234375 1.92237687533966
1.7642578125 1.92528523417241
1.76611328125 1.92819278281407
1.76796875 1.93109952566251
1.76982421875 1.93400546708271
1.7716796875 1.9369106114071
1.77353515625 1.93981496293583
1.775390625 1.94271852593711
1.77724609375 1.94562130464751
1.7791015625 1.94852330327225
1.78095703125 1.9514245259855
1.7828125 1.95432497693069
1.78466796875 1.9572246602208
1.7865234375 1.9601235799386
1.78837890625 1.96302174013702
1.790234375 1.96591914483934
1.79208984375 1.96881579803955
1.7939453125 1.97171170370257
1.79580078125 1.97460686576453
1.79765625 1.97750128813305
1.79951171875 1.9803949746875
1.8013671875 1.98328792927929
1.80322265625 1.98618015573205
1.805078125 1.989071657842
1.80693359375 1.99196243937809
1.8087890625 1.99485250408233
1.81064453125 1.99774185567001
1.8125 2.00063049782994
1.81435546875 2.0035184342247
1.8162109375 2.00640566849087
1.81806640625 2.00929220423929
1.819921875 2.01217804505526
1.82177734375 2.0150631944988
1.8236328125 2.01794765610487
1.82548828125 2.02083143338359
1.82734375 2.02371452982047
1.82919921875 2.02659694887664
1.8310546875 2.02947869398903
1.83291015625 2.03235976857065
1.834765625 2.03524017601075
1.83662109375 2.03811991967505
1.8384765625 2.04099900290597
1.84033203125 2.04387742902281
1.8421875 2.04675520132194
1.84404296875 2.04963232307706
1.8458984375 2.05250879753935
1.84775390625 2.05538462793768
1.849609375 2.05825981747883
1.85146484375 2.06113436934764
1.8533203125 2.06400828670725
1.85517578125 2.06688157269925
1.85703125 2.0697542304439
1.85888671875 2.07262626304028
1.8607421875 2.07549767356652
1.86259765625 2.07836846507994
1.864453125 2.08123864061725
1.86630859375 2.08410820319473
1.8681640625 2.0869771558084
1.87001953125 2.08984550143418
1.871875 2.09271324302809
1.87373046875 2.09558038352642
1.8755859375 2.09844692584588
1.87744140625 2.10131287288375
1.879296875 2.10417822751811
1.88115234375 2.10704299260794
1.8830078125 2.1099071709933
1.88486328125 2.11277076549552
1.88671875 2.11563377891731
1.88857421875 2.11849621404296
1.8904296875 2.12135807363846
1.89228515625 2.12421936045168
1.894140625 2.12708007721252
1.89599609375 2.12994022663304
1.8978515625 2.13279981140762
1.89970703125 2.13565883421312
1.9015625 2.13851729770902
1.90341796875 2.14137520453755
1.9052734375 2.14423255732384
1.90712890625 2.14708935867608
1.908984375 2.14994561118563
1.91083984375 2.15280131742717
1.9126953125 2.15565647995887
1.91455078125 2.15851110132246
1.91640625 2.16136518404344
1.91826171875 2.16421873063113
1.9201171875 2.16707174357889
1.92197265625 2.16992422536419
1.923828125 2.17277617844873
1.92568359375 2.17562760527865
1.9275390625 2.17847850828455
1.92939453125 2.1813288898817
1.93125 2.18417875247011
1.93310546875 2.18702809843469
1.9349609375 2.18987693014534
1.93681640625 2.1927252499571
1.938671875 2.19557306021025
1.94052734375 2.19842036323043
1.9423828125 2.20126716132876
1.94423828125 2.20411345680197
1.94609375 2.2069592519325
1.94794921875 2.20980454898859
1.9498046875 2.21264935022444
1.95166015625 2.2154936578803
1.953515625 2.21833747418258
1.95537109375 2.22118080134393
1.9572265625 2.22402364156343
1.95908203125 2.22686599702659
1.9609375 2.22970786990554
1.96279296875 2.23254926235911
1.9646484375 2.23539017653291
1.96650390625 2.23823061455946
1.968359375 2.2410705785583
1.97021484375 2.24391007063605
1.9720703125 2.24674909288656
1.97392578125 2.24958764739097
1.97578125 2.25242573621783
1.97763671875 2.25526336142319
1.9794921875 2.25810052505069
1.98134765625 2.26093722913169
1.983203125 2.26377347568531
1.98505859375 2.26660926671857
1.9869140625 2.26944460422644
1.98876953125 2.27227949019198
1.990625 2.2751139265864
1.99248046875 2.27794791536916
1.9943359375 2.28078145848806
1.99619140625 2.28361455787932
1.998046875 2.28644721546767
1.99990234375 2.28927943316646
2.0017578125 2.29211121287771
2.00361328125 2.29494255649221
2.00546875 2.29777346588962
2.00732421875 2.30060394293853
2.0091796875 2.30343398949657
2.01103515625 2.30626360741047
2.012890625 2.30909279851612
2.01474609375 2.31192156463873
2.0166015625 2.31474990759281
2.01845703125 2.31757782918233
2.0203125 2.32040533120076
2.02216796875 2.32323241543114
2.0240234375 2.32605908364619
2.02587890625 2.32888533760835
2.027734375 2.3317111790699
2.02958984375 2.33453660977299
2.0314453125 2.33736163144972
2.03330078125 2.34018624582227
2.03515625 2.34301045460288
2.03701171875 2.34583425949402
2.0388671875 2.34865766218838
2.04072265625 2.35148066436899
2.042578125 2.35430326770927
2.04443359375 2.35712547387312
2.0462890625 2.35994728451497
2.04814453125 2.36276870127983
2.05 2.36558972580342
2.05185546875 2.36841035971217
2.0537109375 2.37123060462334
2.05556640625 2.37405046214505
2.057421875 2.37686993387635
2.05927734375 2.37968902140731
2.0611328125 2.38250772631906
2.06298828125 2.38532605018386
2.06484375 2.38814399456517
2.06669921875 2.39096156101772
2.0685546875 2.39377875108752
2.07041015625 2.39659556631202
2.072265625 2.39941200822006
2.07412109375 2.40222807833202
2.0759765625 2.40504377815982
2.07783203125 2.40785910920703
2.0796875 2.41067407296888
2.08154296875 2.41348867093236
2.0833984375 2.41630290457624
2.08525390625 2.41911677537116
2.087109375 2.42193028477968
2.08896484375 2.42474343425632
2.0908203125 2.42755622524763
2.09267578125 2.43036865919225
2.09453125 2.43318073752095
2.09638671875 2.4359924616567
2.0982421875 2.4388038330147
2.10009765625 2.44161485300248
2.101953125 2.44442552301991
2.10380859375 2.44723584445926
2.1056640625 2.45004581870526
2.10751953125 2.45285544713517
2.109375 2.45566473111879
2.11123046875 2.45847367201856
2.1130859375 2.46128227118957
2.11494140625 2.46409052997962
2.116796875 2.46689844972928
2.11865234375 2.46970603177195
2.1205078125 2.47251327743386
2.12236328125 2.4753201880342
2.12421875 2.47812676488507
2.12607421875 2.48093300929163
2.1279296875 2.48373892255204
2.12978515625 2.48654450595761
2.131640625 2.48934976079277
2.13349609375 2.49215468833517
2.1353515625 2.49495928985569
2.13720703125 2.49776356661848
2.1390625 2.50056751988106
2.14091796875 2.50337115089429
2.1427734375 2.50617446090247
2.14462890625 2.50897745114337
2.146484375 2.51178012284826
2.14833984375 2.51458247724196
2.1501953125 2.5173845155429
2.15205078125 2.52018623896313
2.15390625 2.5229876487084
2.15576171875 2.52578874597817
2.1576171875 2.52858953196565
2.15947265625 2.53139000785789
2.161328125 2.53419017483576
2.16318359375 2.53699003407402
2.1650390625 2.53978958674137
2.16689453125 2.54258883400045
2.16875 2.54538777700795
2.17060546875 2.54818641691455
2.1724609375 2.55098475486507
2.17431640625 2.55378279199842
2.176171875 2.55658052944768
2.17802734375 2.55937796834012
2.1798828125 2.56217510979727
2.18173828125 2.56497195493493
2.18359375 2.56776850486318
2.18544921875 2.57056476068649
2.1873046875 2.5733607235037
2.18916015625 2.57615639440808
2.191015625 2.57895177448733
2.19287109375 2.58174686482367
2.1947265625 2.58454166649385
2.19658203125 2.58733618056918
2.1984375 2.59013040811556
2.20029296875 2.59292435019353
2.2021484375 2.59571800785829
2.20400390625 2.59851138215977
2.205859375 2.60130447414261
2.20771484375 2.60409728484622
2.2095703125 2.60688981530482
2.21142578125 2.60968206654747
2.21328125 2.6124740395981
2.21513671875 2.61526573547552
2.2169921875 2.6180571551935
2.21884765625 2.62084829976077
2.220703125 2.62363917018103
2.22255859375 2.62642976745306
2.2244140625 2.62922009257064
2.22626953125 2.6320101465227
2.228125 2.63479993029324
2.22998046875 2.63758944486146
2.2318359375 2.6403786912017
2.23369140625 2.64316767028353
2.235546875 2.64595638307179
2.23740234375 2.64874483052654
2.2392578125 2.65153301360319
2.24111328125 2.65432093325245
2.24296875 2.65710859042041
2.24482421875 2.65989598604852
2.2466796875 2.6626831210737
2.24853515625 2.66546999642825
2.250390625 2.66825661304
2.25224609375 2.67104297183225
2.2541015625 2.67382907372384
2.25595703125 2.67661491962916
2.2578125 2.67940051045821
2.25966796875 2.68218584711655
2.2615234375 2.68497093050544
2.26337890625 2.68775576152176
2.265234375 2.69054034105809
2.26708984375 2.69332467000275
2.2689453125 2.69610874923977
2.27080078125 2.69889257964898
2.27265625 2.70167616210599
2.27451171875 2.70445949748223
2.2763671875 2.70724258664499
2.27822265625 2.71002543045741
2.280078125 2.71280802977854
2.28193359375 2.71559038546335
2.2837890625 2.71837249836275
2.28564453125 2.72115436932363
2.2875 2.72393599918887
2.28935546875 2.72671738879737
2.2912109375 2.72949853898406
2.29306640625 2.73227945057995
2.294921875 2.73506012441213
2.29677734375 2.73784056130381
2.2986328125 2.74062076207435
2.30048828125 2.74340072753923
2.30234375 2.74618045851014
2.30419921875 2.74895995579497
2.3060546875 2.75173922019785
2.30791015625 2.75451825251913
2.309765625 2.75729705355545
2.31162109375 2.76007562409974
2.3134765625 2.76285396494126
2.31533203125 2.76563207686558
2.3171875 2.76840996065464
2.31904296875 2.77118761708678
2.3208984375 2.77396504693671
2.32275390625 2.77674225097559
2.324609375 2.779519229971
2.32646484375 2.78229598468699
2.3283203125 2.78507251588412
2.33017578125 2.78784882431943
2.33203125 2.79062491074648
2.33388671875 2.7934007759154
2.3357421875 2.79617642057287
2.33759765625 2.79895184546216
2.339453125 2.80172705132315
2.34130859375 2.80450203889234
2.3431640625 2.80727680890288
2.34501953125 2.81005136208459
2.346875 2.81282569916395
2.34873046875 2.81559982086416
2.3505859375 2.81837372790516
2.35244140625 2.82114742100359
2.354296875 2.82392090087288
2.35615234375 2.82669416822323
2.3580078125 2.82946722376164
2.35986328125 2.83224006819191
2.36171875 2.83501270221469
2.36357421875 2.83778512652747
2.3654296875 2.84055734182462
2.36728515625 2.84332934879738
2.369140625 2.84610114813392
2.37099609375 2.84887274051931
2.3728515625 2.85164412663556
2.37470703125 2.85441530716165
2.3765625 2.85718628277352
2.37841796875 2.85995705414412
2.3802734375 2.8627276219434
2.38212890625 2.86549798683832
2.383984375 2.86826814949289
2.38583984375 2.8710381105682
2.3876953125 2.87380787072238
2.38955078125 2.87657743061068
2.39140625 2.87934679088545
2.39326171875 2.88211595219614
2.3951171875 2.88488491518938
2.39697265625 2.88765368050893
2.398828125 2.89042224879572
2.40068359375 2.89319062068789
2.4025390625 2.89595879682075
2.40439453125 2.89872677782686
2.40625 2.901494564336
2.40810546875 2.90426215697519
2.4099609375 2.90702955636874
2.41181640625 2.90979676313821
2.413671875 2.91256377790248
2.41552734375 2.91533060127772
2.4173828125 2.91809723387745
2.41923828125 2.92086367631249
2.42109375 2.92362992919105
2.42294921875 2.9263959931187
2.4248046875 2.92916186869838
2.42666015625 2.93192755653043
2.428515625 2.93469305721262
2.43037109375 2.93745837134012
2.4322265625 2.94022349950555
2.43408203125 2.942988442299
2.4359375 2.945753200308
2.43779296875 2.94851777411757
2.4396484375 2.95128216431024
2.44150390625 2.95404637146603
2.443359375 2.95681039616249
2.44521484375 2.9595742389747
2.4470703125 2.96233790047529
2.44892578125 2.96510138123447
2.45078125 2.96786468181999
2.45263671875 2.97062780279722
2.4544921875 2.97339074472912
2.45634765625 2.97615350817625
2.458203125 2.97891609369682
2.46005859375 2.98167850184666
2.4619140625 2.98444073317926
2.46376953125 2.98720278824579
2.465625 2.98996466759507
2.46748046875 2.99272637177363
2.4693359375 2.99548790132568
2.47119140625 2.99824925679317
2.473046875 3.00101043871577
2.47490234375 3.00377144763086
2.4767578125 3.00653228407362
2.47861328125 3.00929294857694
2.48046875 3.01205344167153
2.48232421875 3.01481376388585
2.4841796875 3.01757391574618
2.48603515625 3.02033389777661
2.487890625 3.02309371049902
2.48974609375 3.02585335443317
2.4916015625 3.02861283009662
2.49345703125 3.03137213800482
2.4953125 3.03413127867105
2.49716796875 3.0368902526065
2.4990234375 3.03964906032023
2.50087890625 3.04240770231922
2.502734375 3.04516617910832
2.50458984375 3.04792449119035
2.5064453125 3.05068263906602
2.50830078125 3.05344062323402
2.51015625 3.05619844419096
2.51201171875 3.05895610243144
2.5138671875 3.06171359844802
2.51572265625 3.06447093273126
2.517578125 3.06722810576969
2.51943359375 3.06998511804987
2.5212890625 3.07274197005638
2.52314453125 3.07549866227179
2.525 3.07825519517676
2.52685546875 3.08101156924995
2.5287109375 3.0837677849681
2.53056640625 3.08652384280602
2.532421875 3.08927974323658
2.53427734375 3.09203548673076
2.5361328125 3.09479107375761
2.53798828125 3.09754650478431
2.53984375 3.10030178027613
2.54169921875 3.1030569006965
2.5435546875 3.10581186650696
2.54541015625 3.10856667816719
2.547265625 3.11132133613505
2.54912109375 3.11407584086655
2.5509765625 3.11683019281585
2.55283203125 3.11958439243533
2.5546875 3.12233844017554
2.55654296875 3.12509233648524
2.5583984375 3.12784608181138
2.56025390625 3.13059967659916
2.562109375 3.13335312129198
2.56396484375 3.13610641633149
2.5658203125 3.13885956215757
2.56767578125 3.14161255920839
2.56953125 3.14436540792033
2.57138671875 3.1471181087281
2.5732421875 3.14987066206463
2.57509765625 3.1526230683612
2.576953125 3.15537532804733
2.57880859375 3.15812744155089
2.5806640625 3.16087940929803
2.58251953125 3.16363123171326
2.584375 3.16638290921939
2.58623046875 3.16913444223758
2.5880859375 3.17188583118733
2.58994140625 3.17463707648652
2.591796875 3.17738817855137
2.59365234375 3.18013913779648
2.5955078125 3.18288995463482
2.59736328125 3.18564062947777
2.59921875 3.1883911627351
2.60107421875 3.19114155481496
2.6029296875 3.19389180612393
2.60478515625 3.19664191706703
2.606640625 3.19939188804767
2.60849609375 3.20214171946771
2.6103515625 3.20489141172746
2.61220703125 3.20764096522568
2.6140625 3.21039038035958
2.61591796875 3.21313965752484
2.6177734375 3.2158887971156
2.61962890625 3.21863779952451
2.621484375 3.22138666514268
2.62333984375 3.22413539435972
2.6251953125 3.22688398756376
2.62705078125 3.22963244514142
2.62890625 3.23238076747785
2.63076171875 3.23512895495672
2.6326171875 3.23787700796023
2.63447265625 3.24062492686911
2.636328125 3.24337271206266
2.63818359375 3.24612036391871
2.6400390625 3.24886788281365
2.64189453125 3.25161526912245
2.64375 3.25436252321866
2.64560546875 3.25710964547437
2.6474609375 3.25985663626031
2.64931640625 3.26260349594576
2.651171875 3.26535022489864
2.65302734375 3.26809682348543
2.6548828125 3.27084329207127
2.65673828125 3.27358963101989
2.65859375 3.27633584069367
2.66044921875 3.2790819214536
2.6623046875 3.28182787365933
2.66416015625 3.28457369766915
2.666015625 3.28731939383999
2.66787109375 3.29006496252747
2.6697265625 3.29281040408584
2.67158203125 3.29555571886805
2.6734375 3.29830090722572
2.67529296875 3.30104596950915
2.6771484375 3.30379090606733
2.67900390625 3.30653571724796
2.680859375 3.30928040339742
2.68271484375 3.31202496486083
2.6845703125 3.31476940198201
2.68642578125 3.31751371510349
2.68828125 3.32025790456654
2.69013671875 3.32300197071118
2.6919921875 3.32574591387612
2.69384765625 3.32848973439888
2.695703125 3.33123343261568
2.69755859375 3.33397700886152
2.6994140625 3.33672046347016
2.70126953125 3.33946379677412
2.703125 3.34220700910471
2.70498046875 3.34495010079201
2.7068359375 3.34769307216488
2.70869140625 3.35043592355099
2.710546875 3.35317865527678
2.71240234375 3.35592126766753
2.7142578125 3.35866376104729
2.71611328125 3.36140613573895
2.71796875 3.3641483920642
2.71982421875 3.36689053034356
2.7216796875 3.36963255089641
2.72353515625 3.37237445404091
2.725390625 3.3751162400941
2.72724609375 3.37785790937186
2.7291015625 3.38059946218892
2.73095703125 3.38334089885886
2.7328125 3.38608221969413
2.73466796875 3.38882342500603
2.7365234375 3.39156451510476
2.73837890625 3.39430549029938
2.740234375 3.39704635089784
2.74208984375 3.39978709720696
2.7439453125 3.40252772953248
2.74580078125 3.40526824817901
2.74765625 3.4080086534501
2.74951171875 3.41074894564816
2.7513671875 3.41348912507456
2.75322265625 3.41622919202955
2.755078125 3.41896914681232
2.75693359375 3.421708989721
2.7587890625 3.42444872105262
2.76064453125 3.42718834110317
2.7625 3.42992785016758
2.76435546875 3.43266724853973
2.7662109375 3.43540653651243
2.76806640625 3.43814571437748
2.769921875 3.44088478242562
2.77177734375 3.44362374094654
2.7736328125 3.44636259022894
2.77548828125 3.44910133056047
2.77734375 3.45183996222775
2.77919921875 3.45457848551641
2.7810546875 3.45731690071105
2.78291015625 3.46005520809527
2.784765625 3.46279340795168
2.78662109375 3.46553150056185
2.7884765625 3.46826948620641
2.79033203125 3.47100736516497
2.7921875 3.47374513771616
2.79404296875 3.47648280413763
2.7958984375 3.47922036470605
2.79775390625 3.48195781969714
2.799609375 3.48469516938562
2.80146484375 3.48743241404527
2.8033203125 3.4901695539489
2.80517578125 3.49290658936839
2.80703125 3.49564352057463
2.80888671875 3.49838034783758
2.8107421875 3.50111707142628
2.81259765625 3.50385369160881
2.814453125 3.50659020865231
2.81630859375 3.50932662282301
2.8181640625 3.5120629343862
2.82001953125 3.51479914360626
2.821875 3.51753525074664
2.82373046875 3.5202712560699
2.8255859375 3.52300715983765
2.82744140625 3.52574296231064
2.829296875 3.52847866374868
2.83115234375 3.53121426441071
2.8330078125 3.53394976455477
2.83486328125 3.536685164438
2.83671875 3.53942046431666
2.83857421875 3.54215566444613
2.8404296875 3.54489076508091
2.84228515625 3.54762576647463
2.844140625 3.55036066888005
2.84599609375 3.55309547254905
2.8478515625 3.55583017773265
2.84970703125 3.55856478468104
2.8515625 3.56129929364351
2.85341796875 3.56403370486852
2.8552734375 3.5667680186037
2.85712890625 3.56950223509579
2.858984375 3.57223635459074
2.86083984375 3.57497037733363
2.8626953125 3.5777043035687
2.86455078125 3.5804381335394
2.86640625 3.58317186748831
2.86826171875 3.58590550565721
2.8701171875 3.58863904828705
2.87197265625 3.59137249561798
2.873828125 3.59410584788932
2.87568359375 3.59683910533959
2.8775390625 3.5995722682065
2.87939453125 3.60230533672696
2.88125 3.60503831113708
2.88310546875 3.60777119167218
2.8849609375 3.61050397856678
2.88681640625 3.61323667205461
2.888671875 3.61596927236864
2.89052734375 3.61870177974102
2.8923828125 3.62143419440314
2.89423828125 3.62416651658562
2.89609375 3.6268987465183
2.89794921875 3.62963088443025
2.8998046875 3.63236293054978
2.90166015625 3.63509488510444
2.903515625 3.63782674832101
2.90537109375 3.64055852042552
2.9072265625 3.64329020164325
2.90908203125 3.64602179219873
2.9109375 3.64875329231573
2.91279296875 3.6514847022173
2.9146484375 3.65421602212574
2.91650390625 3.65694725226259
2.918359375 3.6596783928487
2.92021484375 3.66240944410416
2.9220703125 3.66514040624833
2.92392578125 3.66787127949985
2.92578125 3.67060206407666
2.92763671875 3.67333276019594
2.9294921875 3.67606336807419
2.93134765625 3.67879388792718
2.933203125 3.68152431996997
2.93505859375 3.68425466441692
2.9369140625 3.68698492148169
2.93876953125 3.68971509137721
2.940625 3.69244517431576
2.94248046875 3.69517517050887
2.9443359375 3.69790508016743
2.94619140625 3.7006349035016
2.948046875 3.70336464072087
2.94990234375 3.70609429203405
2.9517578125 3.70882385764927
2.95361328125 3.71155333777396
2.95546875 3.71428273261489
2.95732421875 3.71701204237818
2.9591796875 3.71974126726923
2.96103515625 3.72247040749281
2.962890625 3.72519946325302
2.96474609375 3.72792843475329
2.9666015625 3.73065732219639
2.96845703125 3.73338612578444
2.9703125 3.73611484571891
2.97216796875 3.73884348220061
2.9740234375 3.7415720354297
2.97587890625 3.74430050560571
2.977734375 3.7470288929275
2.97958984375 3.74975719759331
2.9814453125 3.75248541980075
2.98330078125 3.75521355974677
2.98515625 3.7579416176277
2.98701171875 3.76066959363924
2.9888671875 3.76339748797646
2.99072265625 3.7661253008338
2.992578125 3.7688530324051
2.99443359375 3.77158068288355
2.9962890625 3.77430825246175
2.99814453125 3.77703574133165
3 3.77976314968462
